soma 116
SIGMOID
SIGMOID
SIGMOID
SIGMOID
SIGMOID
SIGMOID
SIGMOID
SIGMOID
SIGMOID
SIGMOID
SIGMOID
SIGMOID
SIGMOID
SIGMOID
SIGMOID
SIGMOID
SIGMOID
SIGMOID
SIGMOID
SIGMOID
SIGMOID
SIGMOID
SIGMOID
SIGMOID
SIGMOID
SIGMOID
SIGMOID
SIGMOID
SIGMOID
SIGMOID
SIGMOID
SIGMOID
SIGMOID
SIGMOID
SIGMOID
SIGMOID
SIGMOID
SIGMOID
SIGMOID
SIGMOID
SIGMOID
SIGMOID
SIGMOID
SIGMOID
SIGMOID
SIGMOID
SIGMOID
SIGMOID
SIGMOID
SIGMOID
SIGMOID
SIGMOID
SIGMOID
SIGMOID
SIGMOID
SIGMOID
SIGMOID
SIGMOID
SIGMOID
SIGMOID
SIGMOID
SIGMOID
SIGMOID
SIGMOID
SIGMOID
SIGMOID
SIGMOID
SIGMOID
SIGMOID
SIGMOID
SIGMOID
SIGMOID
SIGMOID
SIGMOID
SIGMOID
SIGMOID
SIGMOID
SIGMOID
SIGMOID
SIGMOID
SIGMOID
SIGMOID
SIGMOID
SIGMOID
SIGMOID
SIGMOID
SIGMOID
SIGMOID
SIGMOID
SIGMOID
SIGMOID
SIGMOID
SIGMOID
SIGMOID
SIGMOID
SIGMOID
SIGMOID
SIGMOID
SIGMOID
SIGMOID
SIGMOID
SIGMOID
SIGMOID
SIGMOID
SIGMOID
SIGMOID
SIGMOID
SIGMOID
SIGMOID
SIGMOID
SIGMOID
SIGMOID
GAUSSIAN
GAUSSIAN
GAUSSIAN
18 0 1 2 3 4 5 6 7 8 9 10 11 12 13 14 15 16 17
# input_soma output_soma weight
synapse 3328
0 36 -41.2971
0 37 79.4572
0 38 -7.29811
0 39 49.3067
0 40 -103.558
0 41 22.4415
0 42 58.1663
0 43 40.8355
0 44 -41.4506
0 45 -110.101
0 46 52.3576
0 47 12.7042
0 48 65.5858
0 49 135.392
0 50 68.3036
0 51 -87.4902
0 52 -109.328
0 53 -72.2592
0 54 -233.29
0 55 -9.90545
0 56 -2.10763
0 57 -57.1556
0 58 -94.4063
0 59 -118.72
0 60 151.484
0 61 114.214
0 62 32.492
0 63 -114.938
0 64 -91.0298
0 65 -99.3201
0 66 61.6653
0 67 145.583
0 68 19.5467
0 69 -1.23462
0 70 98.0601
0 71 0.555961
1 36 2.31866
1 37 59.5959
1 38 44.1255
1 39 -32.9077
1 40 139.853
1 41 -3.2019
1 42 -8.914
1 43 -145.829
1 44 -177.817
1 45 -34.9751
1 46 -0.0946345
1 47 94.6325
1 48 86.741
1 49 -59.8177
1 50 15.7503
1 51 -177.301
1 52 -38.8921
1 53 -139.929
1 54 -51.3525
1 55 64.579
1 56 44.1112
1 57 11.4607
1 58 -183.65
1 59 -17.2115
1 60 196.267
1 61 -213.717
1 62 84.4872
1 63 -52.0965
1 64 -201.766
1 65 -42.3542
1 66 -137.056
1 67 -20.0615
1 68 -57.2792
1 69 -65.1212
1 70 -43.9105
1 71 -34.1192
2 36 -10.9895
2 37 -143.918
2 38 -14.265
2 39 54.7376
2 40 -114.098
2 41 88.4756
2 42 -162.473
2 43 36.1303
2 44 -75.258
2 45 -140.333
2 46 -114.535
2 47 -0.310762
2 48 58.9234
2 49 -20.3335
2 50 -60.2818
2 51 116.308
2 52 -47.1889
2 53 -5.91501
2 54 -34.6616
2 55 63.0415
2 56 71.7781
2 57 -152.64
2 58 -99.9265
2 59 174.646
2 60 117.515
2 61 -17.9648
2 62 -246.756
2 63 -119.004
2 64 61.6845
2 65 -56.8768
2 66 -53.5996
2 67 -232.004
2 68 -92.4106
2 69 138.158
2 70 -125.845
2 71 69.2358
3 36 164.925
3 37 142.834
3 38 120.094
3 39 -158.517
3 40 56.6521
3 41 68.3942
3 42 13.0289
3 43 26.0506
3 44 87.3097
3 45 185.712
3 46 -105.129
3 47 95.585
3 48 -200.717
3 49 -6.9605
3 50 -117.325
3 51 19.8273
3 52 9.87477
3 53 -84.2882
3 54 105.099
3 55 70.9077
3 56 -26.5366
3 57 -15.0084
3 58 26.2901
3 59 88.8833
3 60 -41.7459
3 61 103.347
3 62 141.475
3 63 -22.8534
3 64 -119.985
3 65 -89.0453
3 66 23.087
3 67 -113.779
3 68 -7.61364
3 69 -119.269
3 70 115.934
3 71 118.161
4 36 -35.713
4 37 10.1677
4 38 -45.0931
4 39 73.7537
4 40 -73.2695
4 41 -7.79218
4 42 8.54061
4 43 -13.5988
4 44 117.738
4 45 94.4083
4 46 153.473
4 47 6.91933
4 48 121.32
4 49 87.5601
4 50 -72.47
4 51 126.82
4 52 -200.954
4 53 239.605
4 54 59.5244
4 55 -50.963
4 56 211.952
4 57 37.921
4 58 -139.553
4 59 8.5754
4 60 -8.46585
4 61 -242.678
4 62 6.3218
4 63 70.6966
4 64 163.064
4 65 62.5129
4 66 31.9067
4 67 102.865
4 68 -61.5661
4 69 113.698
4 70 -64.0855
4 71 157.682
5 36 56.7875
5 37 -132.497
5 38 85.099
5 39 -30.777
5 40 76.8459
5 41 85.2961
5 42 -52.4629
5 43 -113.588
5 44 -118.182
5 45 85.7588
5 46 -52.1002
5 47 -30.5378
5 48 -39.1594
5 49 -155.967
5 50 86.4938
5 51 69.8087
5 52 -59.0139
5 53 -42.8928
5 54 35.2114
5 55 -34.9328
5 56 -188.488
5 57 -112.352
5 58 40.9195
5 59 -14.3109
5 60 81.3686
5 61 78.5708
5 62 -9.42916
5 63 -118.825
5 64 192.524
5 65 -99.0584
5 66 32.1552
5 67 50.2669
5 68 3.30835
5 69 -82.3372
5 70 -1.33416
5 71 -200.411
6 36 60.3274
6 37 -143.474
6 38 -88.3802
6 39 -35.6724
6 40 -45.8228
6 41 -178.811
6 42 43.2015
6 43 60.865
6 44 250.717
6 45 189.333
6 46 135.107
6 47 -18.5838
6 48 15.5584
6 49 43.6857
6 50 23.274
6 51 86.8601
6 52 12.8023
6 53 44.0157
6 54 118.918
6 55 21.6354
6 56 -26.0624
6 57 35.187
6 58 -4.01815
6 59 21.6651
6 60 74.5317
6 61 8.70961
6 62 -71.7862
6 63 208.762
6 64 112.503
6 65 39.3564
6 66 -147.403
6 67 -97.7901
6 68 -42.1908
6 69 -87.0432
6 70 -384.959
6 71 -148.988
7 36 76.8873
7 37 247.701
7 38 43.7701
7 39 101.656
7 40 158.077
7 41 -23.465
7 42 -120.703
7 43 39.521
7 44 25.7354
7 45 -158.853
7 46 -21.9795
7 47 -14.9293
7 48 -37.0044
7 49 32.8559
7 50 -179.043
7 51 -84.6073
7 52 3.91976
7 53 -70.8765
7 54 84.6264
7 55 -204.67
7 56 30.9079
7 57 -21.5408
7 58 -7.90781
7 59 -150.544
7 60 -89.7699
7 61 -14.9103
7 62 -134.537
7 63 79.3756
7 64 -108.242
7 65 149.647
7 66 160.481
7 67 152.053
7 68 -125.249
7 69 212.823
7 70 -6.64964
7 71 -80.5199
8 36 -84.6742
8 37 102.788
8 38 8.68121
8 39 -55.1013
8 40 -34.3989
8 41 -23.8757
8 42 33.5833
8 43 31.8671
8 44 56.7893
8 45 -11.6212
8 46 -8.04838
8 47 -21.6271
8 48 157.972
8 49 267.351
8 50 -82.7107
8 51 -65.3673
8 52 -160.849
8 53 -20.6978
8 54 -65.3689
8 55 50.6281
8 56 185.29
8 57 -120.457
8 58 53.1172
8 59 145.034
8 60 -17.416
8 61 -15.6304
8 62 -61.5766
8 63 62.684
8 64 -86.5343
8 65 20.0906
8 66 39.3135
8 67 190.577
8 68 -103.633
8 69 101.198
8 70 -145.288
8 71 322.818
9 36 -40.8161
9 37 -108.939
9 38 213.652
9 39 2.04474
9 40 -62.3547
9 41 -322.613
9 42 -145.886
9 43 -10.0588
9 44 -43.4972
9 45 62.3014
9 46 -52.5494
9 47 9.29908
9 48 17.7367
9 49 -30.4137
9 50 -73.3771
9 51 -137.161
9 52 116.2
9 53 -98.439
9 54 -60.3673
9 55 23.7126
9 56 109.38
9 57 0.608104
9 58 -29.3734
9 59 -33.7996
9 60 70.3997
9 61 -137.019
9 62 33.6942
9 63 -75.498
9 64 -150.52
9 65 125.56
9 66 78.5704
9 67 78.0478
9 68 43.8995
9 69 -82.445
9 70 -152.921
9 71 -146.359
10 36 -157.746
10 37 -138.657
10 38 -155.652
10 39 166.278
10 40 -10.5038
10 41 -249.175
10 42 73.9798
10 43 -171.016
10 44 39.6942
10 45 114.811
10 46 64.9794
10 47 149.19
10 48 -151.436
10 49 50.6435
10 50 -121.727
10 51 160.084
10 52 10.1857
10 53 52.3987
10 54 -44.7628
10 55 -164.388
10 56 -47.6755
10 57 -88.5313
10 58 -96.2309
10 59 96.7492
10 60 -203.464
10 61 70.2823
10 62 11.8484
10 63 -165.632
10 64 -92.2313
10 65 173.911
10 66 83.2512
10 67 22.8289
10 68 96.9989
10 69 -53.8866
10 70 268.612
10 71 -264.379
11 36 -41.6093
11 37 -72.4352
11 38 15.583
11 39 -180.311
11 40 6.77225
11 41 32.632
11 42 55.1052
11 43 -148.026
11 44 75.0378
11 45 71.4483
11 46 51.6973
11 47 126.258
11 48 78.4982
11 49 -7.7739
11 50 2.63227
11 51 -62.9481
11 52 -14.0095
11 53 -87.5909
11 54 -93.0009
11 55 16.7832
11 56 103.66
11 57 -20.6673
11 58 251.946
11 59 -38.5196
11 60 82.1065
11 61 -13.3536
11 62 83.6613
11 63 -26.3334
11 64 207.539
11 65 -54.7291
11 66 -125.388
11 67 83.0114
11 68 320.69
11 69 -199.623
11 70 49.7173
11 71 30.5995
12 36 -100.379
12 37 76.9009
12 38 -44.3845
12 39 33.8111
12 40 44.3531
12 41 14.9425
12 42 -65.5433
12 43 64.7679
12 44 73.0299
12 45 -108.889
12 46 -38.1833
12 47 72.8616
12 48 -157.778
12 49 -34.8081
12 50 49.6117
12 51 35.6401
12 52 177.296
12 53 35.5601
12 54 40.9819
12 55 -63.5851
12 56 -42.0794
12 57 -5.64027
12 58 91.3597
12 59 -59.9049
12 60 210.261
12 61 26.1119
12 62 66.5313
12 63 15.1832
12 64 119.923
12 65 -301.799
12 66 -167.634
12 67 -10.9148
12 68 97.653
12 69 104.212
12 70 -151.115
12 71 124.624
13 36 46.279
13 37 -134.818
13 38 106.476
13 39 39.2735
13 40 9.10106
13 41 -94.7986
13 42 52.2326
13 43 124.645
13 44 9.08144
13 45 96.6343
13 46 -52.2034
13 47 121.71
13 48 -50.2996
13 49 96.1108
13 50 -67.5678
13 51 -10.4768
13 52 59.3526
13 53 -141.789
13 54 -94.2666
13 55 -156.521
13 56 119.03
13 57 96.2015
13 58 92.7383
13 59 109.97
13 60 211.72
13 61 82.1563
13 62 -354.025
13 63 -105.033
13 64 39.5472
13 65 -57.4081
13 66 -11.5921
13 67 14.9206
13 68 96.9887
13 69 134.448
13 70 -54.5673
13 71 -35.5203
14 36 41.2195
14 37 30.8288
14 38 78.1756
14 39 95.8035
14 40 -211.66
14 41 28.3313
14 42 -76.4127
14 43 -214.947
14 44 0.0133046
14 45 -12.4283
14 46 112.894
14 47 -47.3045
14 48 105.931
14 49 146.011
14 50 75.1819
14 51 57.4962
14 52 -48.5316
14 53 -70.0057
14 54 -46.1918
14 55 0.910602
14 56 22.9266
14 57 122.162
14 58 -154.482
14 59 153.18
14 60 -70.1042
14 61 79.5905
14 62 -40.5843
14 63 112.456
14 64 -18.3493
14 65 138.609
14 66 -24.4042
14 67 -36.48
14 68 56.3773
14 69 -67.5655
14 70 -116.092
14 71 -243.587
15 36 104.969
15 37 1.39309
15 38 -33.2817
15 39 134.143
15 40 56.0016
15 41 93.6214
15 42 -111.221
15 43 11.3851
15 44 -23.8288
15 45 -32.9152
15 46 -114.265
15 47 -101.943
15 48 -78.324
15 49 58.0649
15 50 -159.795
15 51 -198.259
15 52 68.4807
15 53 117.301
15 54 24.5038
15 55 113.485
15 56 -71.161
15 57 139.239
15 58 66.2213
15 59 -59.2403
15 60 -93.7427
15 61 -22.3484
15 62 46.1637
15 63 -18.4354
15 64 -93.4333
15 65 -81.1432
15 66 97.3673
15 67 -73.0488
15 68 162.724
15 69 -354.926
15 70 -126.53
15 71 -12.5472
16 36 -46.8277
16 37 41.7079
16 38 -84.5406
16 39 -259.637
16 40 40.6415
16 41 -190.244
16 42 -239.464
16 43 152.501
16 44 -234.473
16 45 70.9747
16 46 53.2189
16 47 -31.9008
16 48 11.7796
16 49 130.389
16 50 -13.2376
16 51 -112.006
16 52 137.836
16 53 -109.12
16 54 -8.03565
16 55 -61.8075
16 56 154.716
16 57 -258.017
16 58 -58.9013
16 59 -38.6059
16 60 53.7427
16 61 -7.13502
16 62 -77.0951
16 63 26.7574
16 64 23.1288
16 65 -26.2528
16 66 9.42487
16 67 -82.2569
16 68 17.4882
16 69 55.3125
16 70 -104.139
16 71 105.685
17 36 121.384
17 37 163.308
17 38 -54.7411
17 39 -0.48236
17 40 44.7696
17 41 -159.221
17 42 85.3037
17 43 -67.5876
17 44 -156.666
17 45 49.4429
17 46 -188.856
17 47 -140.355
17 48 -171.168
17 49 14.2622
17 50 -165.363
17 51 -192.257
17 52 86.1763
17 53 -33.9098
17 54 -106.544
17 55 72.5163
17 56 -50.8059
17 57 -17.0859
17 58 -55.5387
17 59 -40.0431
17 60 -90.5607
17 61 166.939
17 62 -144.91
17 63 23.4372
17 64 159.451
17 65 54.444
17 66 -130.412
17 67 86.5452
17 68 -10.0599
17 69 -70.087
17 70 180.45
17 71 180.178
18 36 39.3578
18 37 -237.648
18 38 62.3959
18 39 99.45
18 40 -19.8628
18 41 -57.8048
18 42 15.8329
18 43 -24.7689
18 44 -24.1955
18 45 -56.775
18 46 45.2937
18 47 150.252
18 48 -101.521
18 49 87.3796
18 50 -53.0074
18 51 -89.9706
18 52 43.2813
18 53 -37.5528
18 54 -130.22
18 55 -236.954
18 56 -17.826
18 57 -36.6312
18 58 0.410397
18 59 27.083
18 60 129.66
18 61 -0.0328763
18 62 66.043
18 63 36.8067
18 64 -28.6945
18 65 34.6881
18 66 -29.1059
18 67 50.7959
18 68 -158.106
18 69 -56.1232
18 70 -48.0134
18 71 -25.0422
19 36 68.6693
19 37 135.618
19 38 -18.1152
19 39 -65.8332
19 40 38.0681
19 41 75.4897
19 42 -113.912
19 43 -76.6734
19 44 111.332
19 45 -123.884
19 46 -209.211
19 47 44.2595
19 48 -84.584
19 49 17.7382
19 50 100.651
19 51 -157.085
19 52 -81.7218
19 53 -114.267
19 54 -143.597
19 55 61.1185
19 56 330.99
19 57 216.801
19 58 -174.433
19 59 85.784
19 60 68.6895
19 61 48.1589
19 62 -78.4254
19 63 37.4288
19 64 62.8911
19 65 162.755
19 66 43.3807
19 67 14.5777
19 68 10.0116
19 69 11.1368
19 70 -301.851
19 71 -136.249
20 36 -95.9852
20 37 -12.7528
20 38 88.7698
20 39 46.4995
20 40 84.948
20 41 -118.485
20 42 103.258
20 43 -94.7765
20 44 35.5752
20 45 41.2246
20 46 -32.4875
20 47 99.2307
20 48 -26.4145
20 49 -135.284
20 50 70.1076
20 51 35.3218
20 52 -235.272
20 53 93.3
20 54 -115.846
20 55 160.353
20 56 -248.882
20 57 -6.75344
20 58 108.863
20 59 75.158
20 60 -1.81191
20 61 -102.805
20 62 -18.3217
20 63 46.5194
20 64 61.9575
20 65 17.555
20 66 -42.0279
20 67 -220.382
20 68 -171.782
20 69 35.3835
20 70 114.337
20 71 -67.5987
21 36 5.15844
21 37 -268.369
21 38 80.1118
21 39 -50.2176
21 40 56.85
21 41 21.289
21 42 107.113
21 43 29.6388
21 44 -26.2057
21 45 -89.5419
21 46 121.835
21 47 -270.158
21 48 -202.597
21 49 27.139
21 50 -90.9118
21 51 -24.8388
21 52 -8.4501
21 53 20.7511
21 54 80.5063
21 55 20.7337
21 56 195.711
21 57 151.741
21 58 -47.0412
21 59 183.829
21 60 92.6193
21 61 -66.6407
21 62 195.335
21 63 -69.0895
21 64 157.009
21 65 29.7117
21 66 112.184
21 67 -92.7616
21 68 87.5686
21 69 93.215
21 70 56.8792
21 71 180.137
22 36 -0.332387
22 37 -80.9888
22 38 -85.2608
22 39 55.6332
22 40 152.849
22 41 -78.717
22 42 17.5753
22 43 297.224
22 44 47.8695
22 45 -58.6665
22 46 -69.065
22 47 -20.3114
22 48 192.629
22 49 161.524
22 50 82.2956
22 51 150.407
22 52 -29.1828
22 53 -22.8301
22 54 -41.4853
22 55 129.638
22 56 4.71388
22 57 104.556
22 58 11.136
22 59 214.047
22 60 -65.1397
22 61 125.906
22 62 -91.1511
22 63 -0.608043
22 64 -33.694
22 65 -124.898
22 66 -152.393
22 67 -79.2693
22 68 -56.7721
22 69 -19.3863
22 70 114.427
22 71 143.215
23 36 -90.1299
23 37 -176.358
23 38 -80.5929
23 39 -5.92328
23 40 7.87665
23 41 175.956
23 42 -172.786
23 43 -26.7634
23 44 74.3883
23 45 -98.9636
23 46 -72.4502
23 47 -141.026
23 48 -14.3073
23 49 193.651
23 50 -32.9993
23 51 -70.8582
23 52 -260.795
23 53 10.7493
23 54 -153.944
23 55 128.294
23 56 122.666
23 57 3.2292
23 58 179.616
23 59 -127.054
23 60 7.7571
23 61 76.2808
23 62 -27.6512
23 63 175.406
23 64 134.131
23 65 -74.5701
23 66 -35.4847
23 67 11.07
23 68 -41.0829
23 69 60.439
23 70 64.9484
23 71 42.4171
24 36 -64.8503
24 37 -160.793
24 38 145.412
24 39 -36.9718
24 40 -29.5631
24 41 2.7203
24 42 218.928
24 43 -224.021
24 44 -45.7597
24 45 190.002
24 46 -47.867
24 47 -94.3257
24 48 -151.404
24 49 -101.605
24 50 61.3984
24 51 -112.656
24 52 -92.3901
24 53 101.508
24 54 -207.662
24 55 -20.2733
24 56 -53.6863
24 57 40.2123
24 58 -55.1098
24 59 25.7707
24 60 62.719
24 61 120.908
24 62 76.7188
24 63 19.1824
24 64 149.537
24 65 160.687
24 66 -251.41
24 67 45.5084
24 68 -152.426
24 69 99.4797
24 70 68.8776
24 71 -124.488
25 36 -118.185
25 37 55.046
25 38 87.2729
25 39 -120.539
25 40 -135.011
25 41 54.9224
25 42 12.1012
25 43 110.428
25 44 145.241
25 45 -9.88269
25 46 34.9701
25 47 67.1424
25 48 186.944
25 49 45.9796
25 50 -68.9892
25 51 -148.411
25 52 22.8848
25 53 -87.6547
25 54 -3.44849
25 55 220.69
25 56 -143.556
25 57 -16.5948
25 58 -168.407
25 59 -152.449
25 60 -84.449
25 61 27.9074
25 62 60.4716
25 63 -153.397
25 64 -86.4845
25 65 85.0077
25 66 86.2058
25 67 -113.614
25 68 -191.048
25 69 13.8473
25 70 47.7524
25 71 -27.0674
26 36 134.753
26 37 53.169
26 38 -81.3726
26 39 -132.477
26 40 -249.547
26 41 28.6741
26 42 11.1642
26 43 72.9583
26 44 10.9257
26 45 -65.46
26 46 45.381
26 47 51.396
26 48 -84.4908
26 49 157.928
26 50 19.2633
26 51 45.5775
26 52 42.8188
26 53 72.4478
26 54 -339.644
26 55 133.174
26 56 -26.3281
26 57 66.2496
26 58 -133.444
26 59 44.0992
26 60 78.0948
26 61 -119.712
26 62 -98.8736
26 63 -118.326
26 64 -7.16103
26 65 21.2463
26 66 -127.134
26 67 -13.1962
26 68 -73.0235
26 69 -44.2676
26 70 38.0912
26 71 135.471
27 36 -42.4633
27 37 -7.62155
27 38 52.0788
27 39 57.4916
27 40 -49.3527
27 41 -97.3985
27 42 -63.0102
27 43 -64.4045
27 44 1.98629
27 45 163.106
27 46 -178.584
27 47 -32.4604
27 48 -136.796
27 49 -9.70624
27 50 132.663
27 51 30.09
27 52 75.2932
27 53 -158.807
27 54 -152.683
27 55 98.1109
27 56 5.42157
27 57 64.9082
27 58 11.6016
27 59 155.843
27 60 263.344
27 61 -103.036
27 62 96.6074
27 63 26.544
27 64 -69.8229
27 65 -340.001
27 66 -107.817
27 67 36.2489
27 68 127.458
27 69 12.7152
27 70 -109.508
27 71 -36.0208
28 36 125.002
28 37 -148.542
28 38 167.323
28 39 191.417
28 40 72.0092
28 41 -265.04
28 42 -164.059
28 43 -170.895
28 44 -33.9978
28 45 -45.4922
28 46 -194.853
28 47 4.32741
28 48 -211.57
28 49 -61.011
28 50 129.395
28 51 79.7695
28 52 -101.484
28 53 69.3228
28 54 -0.711181
28 55 14.7498
28 56 -70.5813
28 57 68.9776
28 58 20.7913
28 59 -191.171
28 60 -182.282
28 61 64.5772
28 62 76.4726
28 63 -135.3
28 64 67.179
28 65 39.1236
28 66 115.284
28 67 -106.891
28 68 11.8438
28 69 -5.47428
28 70 180.337
28 71 149.728
29 36 64.2191
29 37 -87.6208
29 38 3.71417
29 39 -38.7995
29 40 -180.958
29 41 55.1695
29 42 -152.301
29 43 174.333
29 44 72.1254
29 45 -63.3121
29 46 -39.2559
29 47 23.7923
29 48 39.4077
29 49 -9.38118
29 50 -232.02
29 51 152.436
29 52 -88.7185
29 53 93.1993
29 54 118.193
29 55 -75.3116
29 56 -5.23216
29 57 108.982
29 58 -168.954
29 59 0.0291776
29 60 -102.487
29 61 -221.433
29 62 104.788
29 63 91.5847
29 64 -101.551
29 65 -36.4572
29 66 -39.6495
29 67 116.368
29 68 52.3824
29 69 -172.351
29 70 220.164
29 71 154.456
30 36 -3.79473
30 37 -43.5567
30 38 96.2675
30 39 -29.6901
30 40 -137.71
30 41 -112.509
30 42 -134.463
30 43 0.00181045
30 44 -121.771
30 45 45.8347
30 46 -220.215
30 47 -210.398
30 48 -77.2348
30 49 84.0842
30 50 213.707
30 51 38.8699
30 52 -56.5707
30 53 5.23189
30 54 -6.42874
30 55 6.51405
30 56 74.2533
30 57 -2.73095
30 58 166.624
30 59 38.9222
30 60 211.778
30 61 -41.4691
30 62 114.356
30 63 7.91818
30 64 148.972
30 65 -105.277
30 66 92.9363
30 67 -55.0242
30 68 -107.145
30 69 159.65
30 70 -172.287
30 71 -98.5783
31 36 -67.9054
31 37 -29.5756
31 38 275.779
31 39 17.9948
31 40 -63.8985
31 41 -5.83936
31 42 35.2824
31 43 154.089
31 44 78.7323
31 45 64.0286
31 46 47.6411
31 47 -70.0516
31 48 139.603
31 49 52.9596
31 50 -80.6604
31 51 86.4051
31 52 -27.0612
31 53 -85.7305
31 54 -61.8631
31 55 15.9978
31 56 -160.265
31 57 147.431
31 58 105.534
31 59 76.8881
31 60 22.5986
31 61 188.392
31 62 -26.7336
31 63 -101.919
31 64 -134.539
31 65 22.2991
31 66 -18.4017
31 67 -76.7705
31 68 118.655
31 69 -42.6622
31 70 -80.3289
31 71 -122.45
32 36 63.6565
32 37 -2.26726
32 38 75.1378
32 39 -4.41462
32 40 38.5125
32 41 139.073
32 42 101.369
32 43 167.607
32 44 -163.361
32 45 50.4939
32 46 115.174
32 47 -80.7067
32 48 -90.2945
32 49 5.40841
32 50 -31.7362
32 51 92.3106
32 52 -64.8165
32 53 -83.0985
32 54 -50.1114
32 55 1.07218
32 56 23.3922
32 57 -59.9784
32 58 -62.8079
32 59 150.191
32 60 0.260443
32 61 196.07
32 62 181.273
32 63 -75.1942
32 64 -108.06
32 65 -100.773
32 66 19.324
32 67 100.046
32 68 131.011
32 69 165.33
32 70 -100.983
32 71 -78.4901
33 36 -59.431
33 37 -120.068
33 38 63.353
33 39 -15.3302
33 40 -96.7184
33 41 99.9521
33 42 79.0373
33 43 58.5013
33 44 -99.677
33 45 62.7342
33 46 63.5667
33 47 26.7999
33 48 85.7685
33 49 128.946
33 50 -244.704
33 51 -49.9308
33 52 33.7639
33 53 -174.96
33 54 5.06234
33 55 -77.0806
33 56 89.1257
33 57 -43.3647
33 58 38.2126
33 59 21.9162
33 60 90.1127
33 61 54.676
33 62 2.02942
33 63 1.85675
33 64 177.651
33 65 77.8546
33 66 -50.7874
33 67 89.7971
33 68 62.7557
33 69 100.254
33 70 -5.18395
33 71 7.54801
34 36 156.655
34 37 -55.4759
34 38 42.3714
34 39 -86.1788
34 40 18.6399
34 41 -43.1894
34 42 -56.1061
34 43 89.003
34 44 73.7625
34 45 -107.199
34 46 67.6477
34 47 -40.347
34 48 51.0211
34 49 -24.227
34 50 -44.0756
34 51 -147.523
34 52 120.229
34 53 75.4959
34 54 155.927
34 55 63.724
34 56 -92.0614
34 57 -144.214
34 58 -57.8841
34 59 88.2411
34 60 -3.45981
34 61 -172.187
34 62 -161.06
34 63 -100.919
34 64 260.858
34 65 45.2969
34 66 188.078
34 67 -44.8834
34 68 25.5983
34 69 -92.3652
34 70 -53.1979
34 71 39.5279
35 36 -109.253
35 37 -67.8331
35 38 15.8877
35 39 9.24368
35 40 204.557
35 41 215.287
35 42 20.1375
35 43 -4.23925
35 44 36.8309
35 45 -55.0777
35 46 -100.835
35 47 197.246
35 48 33.5392
35 49 6.90321
35 50 -40.3121
35 51 -164.343
35 52 15.6345
35 53 -139.626
35 54 2.02791
35 55 -42.5301
35 56 38.5143
35 57 71.7179
35 58 8.80712
35 59 -97.038
35 60 130.56
35 61 -121.556
35 62 -78.588
35 63 79.4461
35 64 -238.369
35 65 37.1832
35 66 44.1159
35 67 48.5614
35 68 163.278
35 69 -113.058
35 70 -35.6961
35 71 40.1817
36 72 85.2075
36 73 12.6268
36 74 76.4713
36 75 -69.0403
36 76 -170.318
36 77 -2.19253
36 78 130.149
36 79 -90.1559
36 80 -69.2168
36 81 -77.4384
36 82 -31.7583
36 83 217.828
36 84 12.8109
36 85 -166.343
36 86 62.1519
36 87 57.8297
36 88 124.458
36 89 107.486
36 90 -110.593
36 91 -216.704
36 92 -46.8665
36 93 -127.055
36 94 123.604
36 95 -87.3642
36 96 9.06663
36 97 -147.71
36 98 -74.2492
36 99 75.5376
36 100 -182.739
36 101 -76.5416
36 102 241.947
36 103 -24.5312
36 104 91.6696
36 105 -114.883
36 106 -163.649
36 107 341.972
37 72 -39.4643
37 73 -7.86864
37 74 -23.2211
37 75 4.69456
37 76 68.0652
37 77 -91.9848
37 78 60.6333
37 79 75.0035
37 80 -190.467
37 81 -140.72
37 82 225.373
37 83 4.79414
37 84 86.7532
37 85 -73.5287
37 86 41.4273
37 87 -68.0566
37 88 3.97649
37 89 181.473
37 90 173.011
37 91 12.8972
37 92 186.568
37 93 -175.077
37 94 244.783
37 95 -123.397
37 96 -34.5557
37 97 26.4512
37 98 -51.9421
37 99 -7.93306
37 100 22.3405
37 101 -41.3122
37 102 143.869
37 103 139.491
37 104 101.765
37 105 -258.901
37 106 25.8256
37 107 5.65745
38 72 112.542
38 73 82.9211
38 74 -54.6861
38 75 -21.9986
38 76 -60.519
38 77 80.5263
38 78 13.6687
38 79 13.8191
38 80 -200.152
38 81 115.828
38 82 51.4271
38 83 47.9508
38 84 -19.2855
38 85 -35.714
38 86 102.839
38 87 220.267
38 88 102.89
38 89 -190.776
38 90 -65.0173
38 91 -185.977
38 92 235.596
38 93 -2.64669
38 94 -143.999
38 95 193.009
38 96 -61.868
38 97 -140.096
38 98 -112.158
38 99 -161.734
38 100 173.531
38 101 113.904
38 102 86.1234
38 103 7.64677
38 104 10.6636
38 105 31.3668
38 106 108.13
38 107 121.675
39 72 -186.072
39 73 -2.10423
39 74 -93.6226
39 75 68.6045
39 76 120.814
39 77 52.4821
39 78 -13.8175
39 79 -95.4074
39 80 -3.88621
39 81 83.8827
39 82 -7.43532
39 83 -0.744449
39 84 169.382
39 85 4.3158
39 86 11.5196
39 87 25.7076
39 88 27.4032
39 89 86.3254
39 90 16.8614
39 91 -125.274
39 92 -104.6
39 93 136.181
39 94 82.1948
39 95 -81.4918
39 96 74.3026
39 97 -147.578
39 98 91.0356
39 99 -86.946
39 100 -53.5649
39 101 122.141
39 102 46.8591
39 103 -44.2722
39 104 149.434
39 105 55.2845
39 106 -8.17544
39 107 125.65
40 72 -32.9353
40 73 49.9137
40 74 35.3128
40 75 39.6461
40 76 -146.617
40 77 36.2346
40 78 144.105
40 79 -14.1635
40 80 180.099
40 81 136.54
40 82 -74.6736
40 83 -62.9856
40 84 -38.6569
40 85 138.835
40 86 19.0334
40 87 -60.044
40 88 -47.6761
40 89 -181.578
40 90 -184.266
40 91 142.051
40 92 42.4437
40 93 -88.6141
40 94 38.808
40 95 -98.8314
40 96 -75.0078
40 97 -131.094
40 98 94.3247
40 99 -128.289
40 100 -145.085
40 101 -49.1789
40 102 -318.976
40 103 257.497
40 104 -93.1693
40 105 63.1161
40 106 7.82421
40 107 -13.4517
41 72 50.5919
41 73 -153.86
41 74 -35.6068
41 75 42.1956
41 76 -102.97
41 77 -76.7901
41 78 -127.811
41 79 -28.0036
41 80 -206.271
41 81 68.8983
41 82 -5.92738
41 83 212.67
41 84 -161.106
41 85 -37.0666
41 86 -35.5167
41 87 5.07534
41 88 -1.21893
41 89 -94.059
41 90 204.262
41 91 187.795
41 92 50.6833
41 93 89.4203
41 94 107.725
41 95 44.6246
41 96 -141.922
41 97 -62.6769
41 98 -257.045
41 99 -68.5328
41 100 -110.479
41 101 26.3389
41 102 175.041
41 103 136.391
41 104 -20.7009
41 105 -31.3778
41 106 -99.0102
41 107 -63.8059
42 72 -203.957
42 73 -98.2196
42 74 12.0903
42 75 145.178
42 76 220.796
42 77 -43.5265
42 78 -14.2158
42 79 -1.25504
42 80 83.9903
42 81 -13.2901
42 82 -114.664
42 83 42.3772
42 84 -105.31
42 85 -35.6081
42 86 57.4368
42 87 -75.3537
42 88 76.6817
42 89 209.951
42 90 94.2952
42 91 -46.5817
42 92 -148.29
42 93 -36.1945
42 94 -61.0069
42 95 -101.084
42 96 -69.5117
42 97 99.3156
42 98 -71.2698
42 99 34.2459
42 100 -62.4841
42 101 -135.567
42 102 183.585
42 103 -149.813
42 104 11.4108
42 105 -174.901
42 106 -184.524
42 107 -39.4728
43 72 84.531
43 73 149.303
43 74 83.4176
43 75 -198.325
43 76 9.36237
43 77 -48.3565
43 78 118.775
43 79 170.062
43 80 127.831
43 81 -53.4647
43 82 -80.3948
43 83 22.359
43 84 30.8386
43 85 -47.42
43 86 -154.369
43 87 -61.4708
43 88 178.884
43 89 -52.8195
43 90 11.7003
43 91 -4.04524
43 92 37.6594
43 93 -65.8422
43 94 92.0838
43 95 -31.7152
43 96 -78.9803
43 97 93.326
43 98 39.3687
43 99 -10.2721
43 100 150.001
43 101 -66.934
43 102 35.5376
43 103 -29.8695
43 104 106.927
43 105 -22.9186
43 106 71.4571
43 107 -50.7431
44 72 82.5221
44 73 -29.8967
44 74 33.8898
44 75 -221.868
44 76 -96.6212
44 77 104.315
44 78 -133.89
44 79 206.622
44 80 -109.252
44 81 -140.403
44 82 -27.1037
44 83 -47.6303
44 84 31.1788
44 85 -0.677798
44 86 -77.8748
44 87 -45.6849
44 88 150.863
44 89 57.841
44 90 31.6457
44 91 -41.6008
44 92 96.01
44 93 -59.297
44 94 -22.218
44 95 44.8459
44 96 -135.872
44 97 -163.282
44 98 -91.1253
44 99 -89.7871
44 100 16.1895
44 101 -66.5426
44 102 -30.0683
44 103 59.8909
44 104 56.667
44 105 30.495
44 106 -91.1785
44 107 -117.22
45 72 51.933
45 73 141.603
45 74 -80.8852
45 75 -138.226
45 76 132.368
45 77 18.4602
45 78 76.1678
45 79 -31.0882
45 80 32.0611
45 81 105.135
45 82 -24.0217
45 83 -70.596
45 84 144.985
45 85 46.6659
45 86 -69.2466
45 87 71.7273
45 88 6.05118
45 89 -42.0828
45 90 11.2497
45 91 31.8484
45 92 52.0393
45 93 58.1147
45 94 129.142
45 95 -105.269
45 96 92.3895
45 97 -113.827
45 98 -17.306
45 99 27.823
45 100 -1.96422
45 101 5.40035
45 102 -60.2674
45 103 32.6214
45 104 123.338
45 105 37.4273
45 106 41.7519
45 107 -56.367
46 72 20.5523
46 73 52.171
46 74 -242.573
46 75 61.4319
46 76 -199.699
46 77 91.8529
46 78 193.77
46 79 49.257
46 80 4.92127
46 81 -29.2923
46 82 -40.7522
46 83 73.316
46 84 -201.777
46 85 -69.7865
46 86 96.8636
46 87 -22.0075
46 88 93.0721
46 89 -120.171
46 90 119.188
46 91 -126.937
46 92 -125.993
46 93 -80.885
46 94 189.101
46 95 144.738
46 96 12.0362
46 97 77.5521
46 98 -114.501
46 99 2.60451
46 100 -181.269
46 101 -166.392
46 102 -102.752
46 103 106.458
46 104 -5.77185
46 105 43.0684
46 106 -20.8983
46 107 2.12119
47 72 -92.8974
47 73 127.132
47 74 -0.662883
47 75 -10.9062
47 76 1.04199
47 77 273.468
47 78 127.011
47 79 79.2217
47 80 -76.904
47 81 -113.391
47 82 2.8789
47 83 -146.043
47 84 -60.299
47 85 -171.099
47 86 28.5989
47 87 47.0865
47 88 252.659
47 89 52.6497
47 90 90.1719
47 91 -126.507
47 92 -84.676
47 93 95.6765
47 94 -9.49558
47 95 -60.7743
47 96 115.341
47 97 180.652
47 98 77.9985
47 99 -10.9732
47 100 -88.0324
47 101 -47.2364
47 102 59.0517
47 103 13.7935
47 104 30.9709
47 105 74.4656
47 106 -15.4575
47 107 138.035
48 72 62.8508
48 73 -101.638
48 74 -46.7691
48 75 -179.524
48 76 -33.5151
48 77 42.9494
48 78 143.756
48 79 -3.32541
48 80 -39.4292
48 81 185.365
48 82 -84.3462
48 83 6.62148
48 84 -65.5179
48 85 -52.198
48 86 -91.4857
48 87 103.112
48 88 19.2632
48 89 -41.7682
48 90 150.964
48 91 -0.955158
48 92 293.921
48 93 -97.4069
48 94 -137.938
48 95 92.7946
48 96 -70.8773
48 97 92.5148
48 98 -53.1261
48 99 111.951
48 100 94.4445
48 101 -56.8029
48 102 127.317
48 103 116.571
48 104 19.8035
48 105 20.9861
48 106 -195.154
48 107 132.103
49 72 99.6276
49 73 -197.562
49 74 194.398
49 75 -86.664
49 76 -35.6908
49 77 -140.047
49 78 -92.5155
49 79 24.3862
49 80 -99.2422
49 81 -124.169
49 82 -48.7246
49 83 12.9144
49 84 58.2327
49 85 -74.2748
49 86 42.7611
49 87 -93.012
49 88 -120.527
49 89 97.9786
49 90 271.194
49 91 27.8633
49 92 114.704
49 93 -85.0154
49 94 -9.8685
49 95 -219.06
49 96 10.3996
49 97 53.1916
49 98 209.636
49 99 -71.4922
49 100 31.6648
49 101 -61.9544
49 102 102.4
49 103 60.4069
49 104 -112.289
49 105 -10.6137
49 106 -25.0969
49 107 107.042
50 72 -66.3245
50 73 80.1285
50 74 -161.148
50 75 38.9486
50 76 -2.49364
50 77 -115.803
50 78 -124.247
50 79 -47.9137
50 80 26.7283
50 81 -121.155
50 82 -9.92997
50 83 -97.4403
50 84 -61.7394
50 85 -22.7779
50 86 -54.2064
50 87 135.545
50 88 -231.683
50 89 -122.864
50 90 -121.763
50 91 -7.87093
50 92 40.0637
50 93 43.5034
50 94 -88.6178
50 95 -159.527
50 96 29.9426
50 97 -113.296
50 98 -161.445
50 99 -5.86943
50 100 -89.6773
50 101 187.368
50 102 89.2567
50 103 92.7635
50 104 88.3063
50 105 14.2264
50 106 -211.556
50 107 -29.6122
51 72 139.357
51 73 -173.814
51 74 -161.85
51 75 146.778
51 76 80.9424
51 77 148.164
51 78 157.452
51 79 108.962
51 80 0.224193
51 81 -235.384
51 82 54.2439
51 83 -66.2329
51 84 -52.7209
51 85 -135.456
51 86 192.024
51 87 -51.5988
51 88 -107.539
51 89 -74.9919
51 90 27.6502
51 91 155.487
51 92 14.1127
51 93 -24.8459
51 94 -16.3784
51 95 -91.0705
51 96 -29.906
51 97 -64.6549
51 98 10.6172
51 99 -28.2403
51 100 -249.376
51 101 -88.9458
51 102 195.323
51 103 -24.4991
51 104 -16.6985
51 105 12.3984
51 106 18.419
51 107 115.424
52 72 140.743
52 73 -45.2858
52 74 -66.8252
52 75 -121.841
52 76 32.6929
52 77 166.281
52 78 -0.216135
52 79 -73.188
52 80 53.0756
52 81 -101.378
52 82 52.8675
52 83 -91.5739
52 84 -75.1855
52 85 -135.813
52 86 -68.5689
52 87 -81.0174
52 88 -47.8934
52 89 -99.705
52 90 101.414
52 91 -181.958
52 92 11.9048
52 93 117.259
52 94 -111.185
52 95 -65.8415
52 96 102.906
52 97 81.2576
52 98 -98.2774
52 99 184.519
52 100 126.867
52 101 116.106
52 102 -21.812
52 103 91.0631
52 104 -47.7327
52 105 58.4642
52 106 133.603
52 107 75.2853
53 72 284.131
53 73 -183.677
53 74 162.632
53 75 -58.2559
53 76 -4.2038
53 77 184.562
53 78 31.7876
53 79 35.5383
53 80 -83.9811
53 81 -18.9023
53 82 82.1229
53 83 -79.9577
53 84 20.8279
53 85 241.15
53 86 7.28313
53 87 -57.5132
53 88 5.25802
53 89 -112.973
53 90 -151.111
53 91 -3.25712
53 92 -11.8061
53 93 -60.9669
53 94 -46.4386
53 95 94.4213
53 96 176.537
53 97 167.396
53 98 -48.171
53 99 181.107
53 100 172.043
53 101 26.7522
53 102 -75.8297
53 103 54.1033
53 104 103.416
53 105 175.349
53 106 143.391
53 107 131.955
54 72 114.093
54 73 98.5366
54 74 -10.1507
54 75 -195.655
54 76 -247.304
54 77 20.2098
54 78 -99.7305
54 79 -29.5441
54 80 -90.6229
54 81 -174.037
54 82 28.604
54 83 44.7098
54 84 -163.218
54 85 -37.0508
54 86 28.4656
54 87 -48.4472
54 88 83.0581
54 89 -153.564
54 90 44.7389
54 91 -67.9743
54 92 -21.9858
54 93 39.9189
54 94 -6.98005
54 95 -148.763
54 96 34.1903
54 97 -9.83339
54 98 68.8781
54 99 18.8807
54 100 -55.7827
54 101 -39.9158
54 102 -27.5921
54 103 -84.4496
54 104 155.988
54 105 19.2482
54 106 -120.71
54 107 192.824
55 72 -275.873
55 73 -105.861
55 74 65.7347
55 75 22.5867
55 76 86.4268
55 77 -162.042
55 78 7.43832
55 79 183.873
55 80 -63.5198
55 81 -322.293
55 82 121.942
55 83 -186.3
55 84 130.073
55 85 -11.7012
55 86 -153.74
55 87 0.888425
55 88 -205.8
55 89 -88.2831
55 90 -103.981
55 91 84.97
55 92 6.50754
55 93 -29.8696
55 94 -32.0935
55 95 -46.5807
55 96 -39.0442
55 97 18.0458
55 98 -75.808
55 99 14.0796
55 100 -105.479
55 101 16.8261
55 102 -107.927
55 103 -15.9344
55 104 64.2402
55 105 34.2374
55 106 -63.4457
55 107 -59.2423
56 72 -13.9638
56 73 62.7353
56 74 -49.7606
56 75 69.4838
56 76 151.362
56 77 84.7136
56 78 77.9292
56 79 11.2337
56 80 -3.89574
56 81 189.338
56 82 149.249
56 83 -47.541
56 84 -194.099
56 85 -187.63
56 86 -144.727
56 87 -54.3192
56 88 52.8769
56 89 59.3769
56 90 68.9379
56 91 11.8065
56 92 35.6519
56 93 -1.83015
56 94 107.058
56 95 29.1665
56 96 -18.0793
56 97 137.184
56 98 226.504
56 99 -97.7786
56 100 -1.6926
56 101 80.852
56 102 194.656
56 103 -109.276
56 104 -64.0525
56 105 23.4453
56 106 -13.516
56 107 95.4219
57 72 1.42887
57 73 -24.1912
57 74 -77.9035
57 75 -41.1142
57 76 -13.6262
57 77 122.863
57 78 -55.2457
57 79 -57.2
57 80 334.252
57 81 43.25
57 82 -207.166
57 83 -57.4416
57 84 -218.075
57 85 -148.225
57 86 52.6224
57 87 -160.242
57 88 -205.378
57 89 -259.722
57 90 -137.354
57 91 55.6852
57 92 14.9504
57 93 109.04
57 94 -116.235
57 95 -227.384
57 96 -46.7004
57 97 31.6701
57 98 29.9779
57 99 51.576
57 100 -49.4588
57 101 -54.0053
57 102 -15.3416
57 103 123.534
57 104 182.163
57 105 203.839
57 106 25.6862
57 107 18.7143
58 72 122.719
58 73 53.1501
58 74 -13.9789
58 75 -36.2239
58 76 50.9061
58 77 3.2604
58 78 18.5128
58 79 -177.126
58 80 11.1796
58 81 147.805
58 82 -136.891
58 83 1.08618
58 84 -38.3618
58 85 167.49
58 86 47.1588
58 87 20.5098
58 88 -241.001
58 89 49.735
58 90 -170.598
58 91 68.8666
58 92 -31.8364
58 93 40.3252
58 94 27.3659
58 95 113.449
58 96 -291.677
58 97 204.142
58 98 -164.39
58 99 -9.80721
58 100 96.2808
58 101 5.97375
58 102 -30.2762
58 103 8.61481
58 104 -13.1549
58 105 -31.1707
58 106 -7.49955
58 107 -137.263
59 72 -121.687
59 73 -46.3856
59 74 52.5807
59 75 238.457
59 76 25.1436
59 77 32.7214
59 78 33.942
59 79 -23.7999
59 80 294.367
59 81 -185.77
59 82 25.2346
59 83 -80.7244
59 84 -33.5031
59 85 -49.2195
59 86 -114.951
59 87 156.469
59 88 0.173918
59 89 95.4554
59 90 -125.612
59 91 30.751
59 92 -193.838
59 93 -71.1643
59 94 -134.559
59 95 20.2112
59 96 3.39459
59 97 -22.0203
59 98 21.4952
59 99 220.662
59 100 -22.3462
59 101 -25.478
59 102 -165.676
59 103 111.249
59 104 -112.065
59 105 -29.4935
59 106 -83.5324
59 107 125.915
60 72 -41.3024
60 73 -25.7769
60 74 -20.0886
60 75 -44.4206
60 76 208.456
60 77 157.32
60 78 81.0737
60 79 39.9879
60 80 -100.886
60 81 -96.585
60 82 156.022
60 83 19.9872
60 84 30.9482
60 85 88.8658
60 86 69.1346
60 87 41.5631
60 88 -100.311
60 89 -281.15
60 90 -90.6363
60 91 94.7291
60 92 80.7483
60 93 -194.125
60 94 -181.088
60 95 136.071
60 96 41.3211
60 97 43.8549
60 98 -76.5635
60 99 -100.863
60 100 -130.656
60 101 -31.2852
60 102 -77.3054
60 103 -91.92
60 104 -35.7348
60 105 52.97
60 106 33.4629
60 107 -46.3783
61 72 153.572
61 73 -20.6747
61 74 101.399
61 75 149.27
61 76 137.764
61 77 5.1948
61 78 -17.9692
61 79 -0.262016
61 80 51.355
61 81 156.441
61 82 -155.848
61 83 174.516
61 84 -66.5451
61 85 -183.239
61 86 -40.032
61 87 70.3792
61 88 39.229
61 89 33.3752
61 90 -23.11
61 91 17.8595
61 92 35.8094
61 93 108.112
61 94 -181.066
61 95 -42.9586
61 96 129.139
61 97 -129.55
61 98 -166.1
61 99 163.862
61 100 -167.932
61 101 69.3585
61 102 -134.334
61 103 48.7192
61 104 56.1198
61 105 51.8643
61 106 181.693
61 107 -122.284
62 72 184.56
62 73 -80.3618
62 74 53.9875
62 75 -63.8537
62 76 -61.6973
62 77 28.6777
62 78 8.1936
62 79 -87.0281
62 80 -125.328
62 81 113.935
62 82 -17.169
62 83 -54.6122
62 84 -59.5388
62 85 85.3529
62 86 39.2064
62 87 -19.5756
62 88 -7.31779
62 89 -58.8496
62 90 -91.1736
62 91 -63.2112
62 92 44.5325
62 93 167.936
62 94 45.9609
62 95 66.2621
62 96 118.553
62 97 -20.4368
62 98 -34.6084
62 99 56.6063
62 100 115.604
62 101 -104.134
62 102 -240.41
62 103 109.001
62 104 -47.6018
62 105 120.482
62 106 -3.18506
62 107 175.087
63 72 -133.157
63 73 -26.6647
63 74 11.2048
63 75 -79.2636
63 76 13.3261
63 77 -81.5204
63 78 -268.467
63 79 134.372
63 80 200.725
63 81 -246.273
63 82 79.6959
63 83 -50.7836
63 84 163.039
63 85 98.5124
63 86 158.88
63 87 -0.956299
63 88 -17.7347
63 89 7.65566
63 90 34.1713
63 91 -5.1185
63 92 1.74449
63 93 149.768
63 94 -30.3466
63 95 68.516
63 96 133.529
63 97 143.66
63 98 -56.066
63 99 73.4125
63 100 -22.7814
63 101 160.309
63 102 171.641
63 103 26.6708
63 104 -1.27622
63 105 -29.7002
63 106 54.051
63 107 101.621
64 72 75.5929
64 73 6.32439
64 74 177.193
64 75 -109.705
64 76 -51.9299
64 77 175.583
64 78 -102.458
64 79 129.562
64 80 -109.543
64 81 212.078
64 82 -76.0814
64 83 93.6634
64 84 -71.0269
64 85 16.2285
64 86 -212.63
64 87 -304.274
64 88 112.487
64 89 76.1194
64 90 149.487
64 91 -134.012
64 92 -14.3133
64 93 -27.149
64 94 61.6234
64 95 -194.848
64 96 -47.6908
64 97 -174.671
64 98 137.098
64 99 -23.4558
64 100 58.8092
64 101 109.542
64 102 -73.384
64 103 -187.201
64 104 -58.4385
64 105 226.656
64 106 -164.785
64 107 25.8311
65 72 23.4645
65 73 -91.6755
65 74 -110.278
65 75 -23.4128
65 76 19.2991
65 77 145.51
65 78 258.646
65 79 131.097
65 80 3.25054
65 81 -166.922
65 82 -59.2658
65 83 179.488
65 84 120.398
65 85 -172.353
65 86 -215.478
65 87 94.5516
65 88 91.3982
65 89 32.9615
65 90 -59.3471
65 91 -218.715
65 92 66.8202
65 93 111.199
65 94 -110.865
65 95 -29.4826
65 96 -38.4656
65 97 112.639
65 98 -29.9946
65 99 -54.628
65 100 -35.3385
65 101 -109.026
65 102 63.7599
65 103 170.984
65 104 30.885
65 105 -22.0927
65 106 120.872
65 107 -10.4277
66 72 35.1021
66 73 -179.005
66 74 -38.7682
66 75 62.3968
66 76 152.029
66 77 -57.8561
66 78 -86.539
66 79 15.8379
66 80 12.0429
66 81 -68.7899
66 82 117.744
66 83 68.184
66 84 121.733
66 85 130.673
66 86 -108.709
66 87 -209.116
66 88 204.628
66 89 88.3517
66 90 124.996
66 91 18.1727
66 92 -161.086
66 93 50.2001
66 94 118.929
66 95 192.481
66 96 54.6741
66 97 15.7559
66 98 362.203
66 99 -143.132
66 100 -34.8439
66 101 -171.244
66 102 196.645
66 103 -127.462
66 104 -18.2515
66 105 -35.6633
66 106 -112.344
66 107 -198.567
67 72 9.44586
67 73 -8.32729
67 74 22.2339
67 75 14.6656
67 76 25.9482
67 77 -7.49487
67 78 31.4835
67 79 -144.532
67 80 95.4823
67 81 -17.4555
67 82 -204.687
67 83 190.552
67 84 10.5611
67 85 -41.3972
67 86 -143.406
67 87 221.718
67 88 155.692
67 89 83.5168
67 90 -107.64
67 91 -4.22587
67 92 -11.9753
67 93 -55.9739
67 94 -75.367
67 95 -6.59636
67 96 -63.1568
67 97 -153.464
67 98 -170.218
67 99 229.659
67 100 30.9509
67 101 183.538
67 102 -48.073
67 103 9.2523
67 104 -94.5126
67 105 90.2901
67 106 -54.5128
67 107 171.845
68 72 96.1494
68 73 0.0950525
68 74 -209.024
68 75 -24.7394
68 76 66.3457
68 77 212.724
68 78 68.3045
68 79 -57.349
68 80 142.907
68 81 40.6174
68 82 -36.5868
68 83 -58.4532
68 84 -1.42601
68 85 -43.2351
68 86 -7.58894
68 87 134.901
68 88 -53.6018
68 89 -57.5018
68 90 -80.893
68 91 -16.2755
68 92 -34.3645
68 93 -224.688
68 94 39.9388
68 95 86.443
68 96 8.42466
68 97 -58.8247
68 98 35.601
68 99 46.515
68 100 37.6977
68 101 43.0864
68 102 116.692
68 103 114.7
68 104 -44.6789
68 105 187.522
68 106 78.0396
68 107 -43.9157
69 72 -94.6382
69 73 144.834
69 74 94.504
69 75 -179.658
69 76 -24.2544
69 77 14.1018
69 78 -63.7985
69 79 -89.6434
69 80 103.818
69 81 -61.1555
69 82 54.1053
69 83 4.0445
69 84 -6.97052
69 85 59.614
69 86 -118.619
69 87 125.106
69 88 -28.2013
69 89 -91.7956
69 90 -96.0645
69 91 -45.5679
69 92 32.228
69 93 191.813
69 94 -88.2395
69 95 -7.13326
69 96 -20.5453
69 97 -127.122
69 98 53.7215
69 99 12.7023
69 100 123.101
69 101 16.506
69 102 -57.789
69 103 -1.93235
69 104 167.035
69 105 -82.1405
69 106 136.543
69 107 75.5751
70 72 -75.0084
70 73 78.8566
70 74 159.74
70 75 -122.668
70 76 78.9509
70 77 -157.176
70 78 61.249
70 79 37.9053
70 80 -110.936
70 81 -227.525
70 82 -28.2122
70 83 -51.7919
70 84 -148.039
70 85 -314.798
70 86 92.0888
70 87 56.19
70 88 -102.218
70 89 11.8019
70 90 125.119
70 91 -117.479
70 92 -231.087
70 93 -102.199
70 94 -35.0077
70 95 -58.8733
70 96 -12.0903
70 97 -246.144
70 98 156.986
70 99 -128.002
70 100 187.811
70 101 60.5644
70 102 -153.019
70 103 -83.2159
70 104 181.384
70 105 -175.338
70 106 -0.108075
70 107 256.013
71 72 22.802
71 73 123.144
71 74 36.8026
71 75 23.9402
71 76 -47.7532
71 77 -87.8073
71 78 -171.153
71 79 -74.9315
71 80 94.4954
71 81 9.71954
71 82 -113.92
71 83 80.9913
71 84 -9.74223
71 85 169.19
71 86 118.816
71 87 182.178
71 88 5.26961
71 89 -71.8406
71 90 52.7737
71 91 28.1394
71 92 -73.9559
71 93 -104.287
71 94 122.919
71 95 -182.804
71 96 83.4374
71 97 -39.6558
71 98 -59.4066
71 99 -32.7603
71 100 -175.631
71 101 -93.9196
71 102 -3.64098
71 103 79.886
71 104 112.239
71 105 -30.7127
71 106 -17.8544
71 107 47.6038
0 0 -82.8408
1 0 -48.638
2 0 16.1747
3 0 46.1444
4 0 170.9
5 0 -89.9377
6 0 -128.316
7 0 49.1085
8 0 31.7515
9 0 105.753
10 0 26.8239
11 0 15.8104
12 0 165.974
13 0 -83.5154
14 0 -57.3836
15 0 -36.4148
16 0 93.2492
17 0 -5.91957
0 1 203.795
1 1 97.246
2 1 47.8006
3 1 -283.784
4 1 267.836
5 1 -93.8578
6 1 48.164
7 1 205.524
8 1 -142.756
9 1 -12.1255
10 1 22.8053
11 1 -111.518
12 1 182.019
13 1 28.3044
14 1 122.819
15 1 174.461
16 1 -110.336
17 1 116.702
0 2 108.689
1 2 -28.6139
2 2 116.161
3 2 -61.9292
4 2 23.0707
5 2 59.153
6 2 130.802
7 2 40.0955
8 2 -39.4481
9 2 -98.4594
10 2 -21.4597
11 2 -237.02
12 2 72.5414
13 2 113.592
14 2 -37.0431
15 2 -153.998
16 2 -118.055
17 2 -130.642
0 3 42.1097
1 3 27.7759
2 3 -196.218
3 3 93.3838
4 3 -88.7573
5 3 -81.104
6 3 -69.1745
7 3 103.989
8 3 -41.9151
9 3 38.4883
10 3 -78.6036
11 3 229.468
12 3 95.1551
13 3 -31.8817
14 3 27.6136
15 3 0.745175
16 3 -37.0713
17 3 -85.9245
0 4 -74.7197
1 4 17.7378
2 4 251.849
3 4 136.647
4 4 -29.7356
5 4 -205.502
6 4 -54.3508
7 4 -6.156
8 4 180.912
9 4 -91.4308
10 4 -123.075
11 4 -0.356021
12 4 -242.66
13 4 -133.899
14 4 231.354
15 4 -64.2507
16 4 6.50008
17 4 -61.7839
0 5 -52.3655
1 5 -104.088
2 5 -103.589
3 5 4.86666
4 5 -200.08
5 5 101.03
6 5 -87.4691
7 5 73.7692
8 5 -2.64836
9 5 -14.3999
10 5 -123.696
11 5 -153.078
12 5 121.609
13 5 72.2318
14 5 12.9397
15 5 -11.1465
16 5 -165.624
17 5 52.1801
0 6 135.466
1 6 -63.0552
2 6 83.5253
3 6 -65.4679
4 6 70.2847
5 6 87.6591
6 6 -34.9769
7 6 -72.6724
8 6 -8.73043
9 6 97.415
10 6 -20.5173
11 6 55.7904
12 6 -129.863
13 6 72.1323
14 6 26.6887
15 6 -130.834
16 6 -25.862
17 6 153.066
0 7 45.8383
1 7 -83.0075
2 7 181.376
3 7 74.9638
4 7 4.97607
5 7 11.1683
6 7 -95.7739
7 7 -24.8389
8 7 138.248
9 7 59.6307
10 7 68.5963
11 7 -69.4649
12 7 33.3114
13 7 -119.897
14 7 19.062
15 7 57.0416
16 7 101.495
17 7 -105.125
0 8 -118.404
1 8 -33.4565
2 8 -162.762
3 8 -84.1121
4 8 -143.158
5 8 -21.0503
6 8 -200.823
7 8 83.3513
8 8 -87.7215
9 8 101.378
10 8 -145.259
11 8 286.181
12 8 -104.735
13 8 -38.7692
14 8 -157.352
15 8 -148.203
16 8 -152.887
17 8 -29.6399
0 9 175.024
1 9 244.44
2 9 110.89
3 9 -84.3504
4 9 240.358
5 9 111.578
6 9 -178.404
7 9 55.0279
8 9 107.663
9 9 30.18
10 9 50.9307
11 9 -267.261
12 9 -81.648
13 9 46.3271
14 9 30.6023
15 9 37.3431
16 9 -13.378
17 9 120.448
0 10 2.61829
1 10 21.4421
2 10 -58.5567
3 10 -40.5869
4 10 -43.1296
5 10 -33.8456
6 10 -23.6285
7 10 -30.0514
8 10 0.650715
9 10 -71.4468
10 10 90.2102
11 10 83.422
12 10 125.794
13 10 -153.247
14 10 50.9885
15 10 121.993
16 10 -67.8616
17 10 -67.9692
0 11 -133.134
1 11 -117.294
2 11 -45.4219
3 11 -14.2473
4 11 -113.534
5 11 -182.309
6 11 -4.50212
7 11 14.3713
8 11 29.4649
9 11 141.671
10 11 -41.9556
11 11 -115.321
12 11 -77.6319
13 11 83.1399
14 11 78.7368
15 11 -141.17
16 11 9.30372
17 11 1.74909
0 12 -91.4309
1 12 -36.8627
2 12 -89.2489
3 12 63.5238
4 12 -69.947
5 12 -96.949
6 12 45.6712
7 12 -246.857
8 12 264.611
9 12 50.4076
10 12 76.3639
11 12 49.0539
12 12 119.339
13 12 11.7199
14 12 -77.8823
15 12 52.0115
16 12 -63.5475
17 12 -147.178
0 13 -182.957
1 13 -189.051
2 13 350.027
3 13 -101.372
4 13 -37.796
5 13 11.8022
6 13 6.48417
7 13 -111.262
8 13 -59.501
9 13 33.1754
10 13 -7.80558
11 13 -196.65
12 13 -39.0212
13 13 32.0093
14 13 -169.142
15 13 275.54
16 13 135.449
17 13 27.0352
0 14 4.60903
1 14 4.71977
2 14 242.312
3 14 48.3535
4 14 -163.908
5 14 -150.982
6 14 -24.4486
7 14 32.1383
8 14 69.9611
9 14 126.145
10 14 -37.199
11 14 -116.693
12 14 -88.5207
13 14 20.4061
14 14 5.37122
15 14 -26.5454
16 14 -98.7788
17 14 15.7429
0 15 67.6444
1 15 -90.6047
2 15 64.7319
3 15 -72.0862
4 15 122.132
5 15 50.9507
6 15 157.222
7 15 -8.49499
8 15 269.196
9 15 31.6827
10 15 -65.9138
11 15 88.5952
12 15 -160.052
13 15 184.889
14 15 -19.0448
15 15 -55.0601
16 15 15.5553
17 15 22.9035
0 16 29.6148
1 16 208.949
2 16 256.226
3 16 77.3759
4 16 121.227
5 16 70.0501
6 16 -49.0994
7 16 111.574
8 16 -64.0784
9 16 -33.9915
10 16 -183.767
11 16 54.4966
12 16 -21.9462
13 16 -79.3867
14 16 34.3314
15 16 242.629
16 16 -208.596
17 16 -0.612816
0 17 -238.836
1 17 88.5852
2 17 -42.969
3 17 61.8782
4 17 -49.6349
5 17 -39.5553
6 17 -124.196
7 17 61.3223
8 17 172.989
9 17 141.553
10 17 141.661
11 17 -92.1763
12 17 80.3444
13 17 -67.2761
14 17 25.7317
15 17 -223.546
16 17 -91.5643
17 17 50.39
0 18 -27.02
1 18 167.652
2 18 175.182
3 18 -48.069
4 18 -99.5167
5 18 -37.1348
6 18 64.2552
7 18 -44.3696
8 18 -77.0559
9 18 119.356
10 18 73.6236
11 18 -205.539
12 18 12.1567
13 18 173.817
14 18 68.9286
15 18 -144.419
16 18 -79.2753
17 18 -50.7956
0 19 130.904
1 19 254.042
2 19 -38.6196
3 19 -61.4523
4 19 23.8946
5 19 -28.478
6 19 -38.2662
7 19 80.6137
8 19 8.29616
9 19 -5.53058
10 19 -75.4944
11 19 28.1538
12 19 109.051
13 19 11.6508
14 19 112.143
15 19 -108.639
16 19 -25.52
17 19 -71.4578
0 20 86.7108
1 20 133.806
2 20 72.546
3 20 61.2097
4 20 21.8804
5 20 17.6556
6 20 -43.8409
7 20 76.0399
8 20 239.974
9 20 -71.8563
10 20 177.39
11 20 -209.256
12 20 -93.8863
13 20 -263.454
14 20 -162.176
15 20 64.3398
16 20 81.0134
17 20 -135.811
0 21 -51.4147
1 21 -246.366
2 21 -280.705
3 21 -8.49136
4 21 -60.0592
5 21 228.495
6 21 27.3922
7 21 -211.278
8 21 165.653
9 21 89.8906
10 21 -251.576
11 21 -14.1598
12 21 28.0056
13 21 17.5206
14 21 -83.6016
15 21 -177.43
16 21 -73.1934
17 21 -153.815
0 22 -48.4749
1 22 -200.264
2 22 -3.59332
3 22 57.3357
4 22 -73.6779
5 22 -46.7916
6 22 152.839
7 22 -57.4826
8 22 -201.844
9 22 -122.504
10 22 -6.25741
11 22 -75.3201
12 22 177.667
13 22 31.7933
14 22 145.722
15 22 -255.464
16 22 118.293
17 22 129.903
0 23 -110.377
1 23 18.4869
2 23 -96.1319
3 23 -17.6256
4 23 -49.3917
5 23 -12.7325
6 23 -39.0651
7 23 -40.4403
8 23 -110.581
9 23 -21.28
10 23 1.39321
11 23 43.7494
12 23 116.763
13 23 60.1563
14 23 207.845
15 23 -92.5571
16 23 -46.0612
17 23 -122.304
0 24 -70.7101
1 24 297.407
2 24 -10.207
3 24 18.9579
4 24 136.432
5 24 -65.6787
6 24 -7.53012
7 24 150.997
8 24 -186.179
9 24 93.9014
10 24 -113.497
11 24 29.821
12 24 118.533
13 24 -84.8465
14 24 -3.08611
15 24 -91.5379
16 24 -91.6784
17 24 20.4883
0 25 -60.2228
1 25 -17.6637
2 25 -73.0673
3 25 34.6941
4 25 -20.8511
5 25 -69.6369
6 25 134.39
7 25 -50.0837
8 25 -95.6371
9 25 -47.8844
10 25 -93.1655
11 25 -116.425
12 25 -168.57
13 25 -206.379
14 25 9.48211
15 25 44.6581
16 25 85.6966
17 25 79.476
0 26 49.6308
1 26 109.361
2 26 -229.086
3 26 -81.0487
4 26 97.1289
5 26 149.628
6 26 215.855
7 26 -91.9945
8 26 148.506
9 26 71.5938
10 26 24.2794
11 26 -4.3125
12 26 13.9697
13 26 175.627
14 26 -96.5178
15 26 -150.284
16 26 30.7031
17 26 -175.797
0 27 81.262
1 27 -62.7187
2 27 197.164
3 27 165.123
4 27 -64.2307
5 27 -1.31342
6 27 163.718
7 27 24.4172
8 27 -3.7334
9 27 194.735
10 27 38.4018
11 27 -75.1891
12 27 8.29095
13 27 -34.809
14 27 59.6321
15 27 -54.4962
16 27 -70.4756
17 27 -32.9766
0 28 -9.3504
1 28 123.958
2 28 -82.8011
3 28 23.8487
4 28 84.1607
5 28 152.847
6 28 -13.6192
7 28 111.596
8 28 -44.0002
9 28 64.3854
10 28 28.4162
11 28 48.323
12 28 -81.8271
13 28 19.2824
14 28 153.285
15 28 80.1165
16 28 195.006
17 28 -81.2584
0 29 125.113
1 29 62.2693
2 29 280.043
3 29 76.4924
4 29 233.61
5 29 123.151
6 29 19.5929
7 29 32.6504
8 29 4.2716
9 29 165.859
10 29 144.737
11 29 60.1769
12 29 -245.585
13 29 125.53
14 29 35.2011
15 29 -9.79781
16 29 2.53529
17 29 219.151
0 30 121.394
1 30 -115.192
2 30 168.712
3 30 -199.474
4 30 -13.4892
5 30 -175.502
6 30 72.7534
7 30 49.7794
8 30 -35.2722
9 30 12.9166
10 30 280.475
11 30 226.842
12 30 56.8221
13 30 67.3026
14 30 -73.7313
15 30 13.5466
16 30 -30.3851
17 30 -93.7412
0 31 -147.138
1 31 -122.282
2 31 -69.6948
3 31 192.54
4 31 -120.733
5 31 -32.4624
6 31 204.858
7 31 -247.92
8 31 -25.0532
9 31 36.4681
10 31 -133.474
11 31 -83.5259
12 31 51.9786
13 31 -3.93193
14 31 -96.0812
15 31 83.7809
16 31 -81.896
17 31 59.3593
0 32 -77.1607
1 32 -147.087
2 32 -142.964
3 32 116.956
4 32 -165.155
5 32 -104.432
6 32 -27.7064
7 32 102.416
8 32 -69.9776
9 32 -5.28344
10 32 -62.0436
11 32 -92.783
12 32 -79.0491
13 32 71.7703
14 32 11.9224
15 32 -106.798
16 32 5.40265
17 32 82.3738
0 33 80.3289
1 33 34.6686
2 33 183.816
3 33 148.218
4 33 30.8357
5 33 83.3158
6 33 -35.8222
7 33 -124.942
8 33 -64.9999
9 33 101.576
10 33 63.7101
11 33 135.74
12 33 -287.302
13 33 89.2333
14 33 -161.974
15 33 -218.405
16 33 77.0557
17 33 55.7736
0 34 -30.4008
1 34 247.259
2 34 114.191
3 34 -78.5204
4 34 -59.0335
5 34 -81.6229
6 34 -2.97161
7 34 -47.6575
8 34 -110.332
9 34 -191.882
10 34 -69.4306
11 34 50.7664
12 34 36.0219
13 34 -154.966
14 34 -2.13899
15 34 41.8091
16 34 77.8831
17 34 -91.2968
0 35 35.1784
1 35 118.335
2 35 78.0126
3 35 -202.927
4 35 52.2232
5 35 -45.4683
6 35 119.358
7 35 189.981
8 35 217.263
9 35 93.9343
10 35 -6.09068
11 35 309.492
12 35 100.706
13 35 -14.3221
14 35 -53.7465
15 35 -81.095
16 35 148.432
17 35 83.656
108 112 11.9171
108 113 142.264
108 114 193.822
108 115 -27.9472
109 112 265.148
109 113 7.10489
109 114 -45.8116
109 115 -24.502
110 112 -126.394
110 113 108.665
110 114 -19.5191
110 115 175.056
111 112 -23.6867
111 113 195.636
111 114 -33.9769
111 115 28.5071
0 108 -2.02972
1 108 -5.00566
2 108 -67.2997
3 108 -56.5031
4 108 245.22
5 108 -5.56386
6 108 -117.669
7 108 12.376
8 108 9.98233
9 108 15.5132
10 108 80.4338
11 108 62.3449
12 108 15.8638
13 108 -128.681
14 108 230.64
15 108 -40.386
16 108 -156.114
17 108 97.5597
0 109 129.847
1 109 48.3605
2 109 -86.2796
3 109 6.99045
4 109 60.4905
5 109 63.4259
6 109 -167.382
7 109 -25.4749
8 109 -38.3154
9 109 48.464
10 109 191.409
11 109 68.3609
12 109 15.6402
13 109 -5.97592
14 109 -43.7317
15 109 -123.956
16 109 -74.5488
17 109 -208.928
0 110 -22.2192
1 110 -45.6056
2 110 -21.918
3 110 155.206
4 110 -90.2498
5 110 36.5134
6 110 -223.619
7 110 35.6695
8 110 34.3393
9 110 -25.5788
10 110 -97.5164
11 110 -196.133
12 110 -178.725
13 110 -113.351
14 110 -99.4764
15 110 -120.876
16 110 -93.485
17 110 76.6063
0 111 115.568
1 111 -82.8049
2 111 200.929
3 111 -66.7097
4 111 -139.869
5 111 37.7928
6 111 190.153
7 111 -102.041
8 111 143.21
9 111 129.753
10 111 -234.013
11 111 56.4205
12 111 -1.28207
13 111 59.8659
14 111 91.8445
15 111 -136.684
16 111 -21.9177
17 111 145.64
