soma 116
SIGMOID
SIGMOID
SIGMOID
SIGMOID
SIGMOID
SIGMOID
SIGMOID
SIGMOID
SIGMOID
SIGMOID
SIGMOID
SIGMOID
SIGMOID
SIGMOID
SIGMOID
SIGMOID
SIGMOID
SIGMOID
SIGMOID
SIGMOID
SIGMOID
SIGMOID
SIGMOID
SIGMOID
SIGMOID
SIGMOID
SIGMOID
SIGMOID
SIGMOID
SIGMOID
SIGMOID
SIGMOID
SIGMOID
SIGMOID
SIGMOID
SIGMOID
SIGMOID
SIGMOID
SIGMOID
SIGMOID
SIGMOID
SIGMOID
SIGMOID
SIGMOID
SIGMOID
SIGMOID
SIGMOID
SIGMOID
SIGMOID
SIGMOID
SIGMOID
SIGMOID
SIGMOID
SIGMOID
SIGMOID
SIGMOID
SIGMOID
SIGMOID
SIGMOID
SIGMOID
SIGMOID
SIGMOID
SIGMOID
SIGMOID
SIGMOID
SIGMOID
SIGMOID
SIGMOID
SIGMOID
SIGMOID
SIGMOID
SIGMOID
SIGMOID
SIGMOID
SIGMOID
SIGMOID
SIGMOID
SIGMOID
SIGMOID
SIGMOID
SIGMOID
SIGMOID
SIGMOID
SIGMOID
SIGMOID
SIGMOID
SIGMOID
SIGMOID
SIGMOID
SIGMOID
SIGMOID
SIGMOID
SIGMOID
SIGMOID
SIGMOID
SIGMOID
SIGMOID
SIGMOID
SIGMOID
SIGMOID
SIGMOID
SIGMOID
SIGMOID
SIGMOID
SIGMOID
SIGMOID
SIGMOID
SIGMOID
SIGMOID
SIGMOID
SIGMOID
SIGMOID
GAUSSIAN
GAUSSIAN
GAUSSIAN
18 0 1 2 3 4 5 6 7 8 9 10 11 12 13 14 15 16 17
# input_soma output_soma weight
synapse 3328
0 36 -34.4721
0 37 20.937
0 38 15.6942
0 39 -20.5381
0 40 -4.37079
0 41 -23.8455
0 42 -11.79
0 43 -78.8361
0 44 38.998
0 45 31.5872
0 46 44.7008
0 47 -29.5974
0 48 -76.5997
0 49 78.5804
0 50 -72.7404
0 51 39.5414
0 52 28.9807
0 53 34.6202
0 54 61.2668
0 55 -5.21969
0 56 91.879
0 57 21.2965
0 58 68.3575
0 59 4.01014
0 60 9.76629
0 61 17.416
0 62 -99.433
0 63 -30.1743
0 64 -32.0996
0 65 0.353394
0 66 3.64596
0 67 17.6698
0 68 -10.3524
0 69 -26.4889
0 70 29.4657
0 71 -12.1146
1 36 -28.6262
1 37 -18.457
1 38 -95.2547
1 39 -57.0593
1 40 13.0583
1 41 -90.5798
1 42 49.0373
1 43 -79.5821
1 44 4.23078
1 45 66.2899
1 46 -28.2331
1 47 67.3718
1 48 63.1896
1 49 38.5917
1 50 27.3881
1 51 -0.313217
1 52 50.2708
1 53 6.88787
1 54 -17.4172
1 55 -6.37184
1 56 -24.0473
1 57 -91.3833
1 58 -53.6558
1 59 70.3881
1 60 41.3247
1 61 -93.5006
1 62 -0.962291
1 63 22.6417
1 64 -2.97596
1 65 -9.98368
1 66 -68.8278
1 67 -15.6342
1 68 -24.2881
1 69 41.8842
1 70 11.2334
1 71 -77.621
2 36 -9.99407
2 37 34.7445
2 38 7.96951
2 39 0.090756
2 40 4.41468
2 41 41.3749
2 42 -63.0052
2 43 2.94573
2 44 0.8582
2 45 -6.76828
2 46 -4.29584
2 47 58.6074
2 48 92.8544
2 49 -13.9897
2 50 26.1107
2 51 -96.1262
2 52 -36.4313
2 53 -103.428
2 54 -52.2084
2 55 20.3465
2 56 13.4976
2 57 16.8105
2 58 62.9156
2 59 -3.68302
2 60 39.9706
2 61 -47.501
2 62 -103.889
2 63 -48.0904
2 64 -42.7354
2 65 -19.7114
2 66 14.7332
2 67 -10.3434
2 68 -42.6118
2 69 13.7115
2 70 5.27977
2 71 -65.9749
3 36 -70.735
3 37 33.3704
3 38 -6.6799
3 39 26.5713
3 40 41.9149
3 41 -18.3573
3 42 39.8144
3 43 8.06363
3 44 32.3413
3 45 38.7077
3 46 -27.0513
3 47 -27.5637
3 48 4.47545
3 49 20.5797
3 50 16.7294
3 51 -21.0813
3 52 -12.1641
3 53 -0.712195
3 54 58.7606
3 55 48.9264
3 56 48.8663
3 57 -8.35161
3 58 28.4869
3 59 -85.7982
3 60 10.0707
3 61 -40.0833
3 62 -22.3661
3 63 -40.2381
3 64 -11.0802
3 65 31.9742
3 66 -97.3871
3 67 -59.7948
3 68 -23.6203
3 69 -52.0443
3 70 -9.6771
3 71 -29.3049
4 36 -13.5094
4 37 6.53873
4 38 -26.5858
4 39 86.2987
4 40 61.3549
4 41 -37.799
4 42 82.5322
4 43 36.3647
4 44 41.4657
4 45 19.7831
4 46 -5.40225
4 47 -2.72951
4 48 -25.6875
4 49 -54.615
4 50 37.656
4 51 8.51346
4 52 -53.1915
4 53 45.1811
4 54 12.6966
4 55 16.6436
4 56 49.7179
4 57 26.0781
4 58 -39.1987
4 59 -107.745
4 60 9.65377
4 61 54.2613
4 62 -118.179
4 63 -37.1487
4 64 45.0981
4 65 -17.2632
4 66 47.1164
4 67 -25.4076
4 68 -13.4654
4 69 -19.2806
4 70 60.0821
4 71 17.1078
5 36 -33.1468
5 37 -12.6415
5 38 -43.9553
5 39 -23.4249
5 40 3.58202
5 41 75.4003
5 42 51.2063
5 43 -35.8038
5 44 58.4279
5 45 55.0167
5 46 21.917
5 47 -24.6929
5 48 -80.3087
5 49 -0.524844
5 50 -104.292
5 51 -40.538
5 52 -30.8807
5 53 -31.0645
5 54 13.9118
5 55 30.2542
5 56 5.06678
5 57 43.2917
5 58 56.4495
5 59 -11.8312
5 60 -28.0407
5 61 -37.4581
5 62 -56.5153
5 63 45.1378
5 64 -4.85394
5 65 -8.5679
5 66 -29.445
5 67 53.3593
5 68 -90.0674
5 69 39.2239
5 70 49.5367
5 71 -50.9575
6 36 -30.9888
6 37 -14.7148
6 38 -2.5353
6 39 -23.8793
6 40 -49.5862
6 41 43.3811
6 42 -21.7873
6 43 75.9264
6 44 10.6403
6 45 -35.486
6 46 -11.977
6 47 52.5489
6 48 6.85524
6 49 -52.1111
6 50 82.1061
6 51 56.9
6 52 53.8562
6 53 48.4474
6 54 -109.561
6 55 24.7056
6 56 -2.32421
6 57 -108.988
6 58 -46.9441
6 59 -15.3543
6 60 -26.8115
6 61 -47.8251
6 62 69.0173
6 63 1.69395
6 64 -1.35363
6 65 -83.6302
6 66 -85.1709
6 67 -45.0518
6 68 34.8282
6 69 -35.4914
6 70 -2.74388
6 71 41.526
7 36 31.4299
7 37 41.5895
7 38 5.51166
7 39 36.566
7 40 -10.5877
7 41 57.4172
7 42 17.0408
7 43 -113.704
7 44 17.3377
7 45 -25.6602
7 46 71.3386
7 47 -93.7807
7 48 23.4812
7 49 -28.6865
7 50 56.6602
7 51 23.7149
7 52 24.9666
7 53 67.2868
7 54 12.5526
7 55 -16.5937
7 56 -60.5682
7 57 79.0882
7 58 -34.2374
7 59 -53.6582
7 60 -60.3326
7 61 -20.3743
7 62 -35.2836
7 63 -48.2022
7 64 34.8042
7 65 66.3114
7 66 10.1627
7 67 13.6916
7 68 36.5167
7 69 37.5419
7 70 -27.2708
7 71 -3.36936
8 36 63.1736
8 37 -85.0498
8 38 -13.5818
8 39 28.1068
8 40 -25.3568
8 41 36.269
8 42 -67.4189
8 43 -2.15553
8 44 16.4702
8 45 8.25587
8 46 -15.6895
8 47 -11.6858
8 48 -19.5773
8 49 -18.0701
8 50 -29.9892
8 51 16.5305
8 52 18.9819
8 53 30.4951
8 54 -35.3897
8 55 30.1165
8 56 52.03
8 57 -33.8641
8 58 44.4812
8 59 49.0581
8 60 30.691
8 61 70.7595
8 62 48.5139
8 63 -8.28182
8 64 110.198
8 65 5.30108
8 66 24.6245
8 67 52.5483
8 68 52.1173
8 69 -84.9422
8 70 -19.244
8 71 -28.4436
9 36 13.2365
9 37 -0.634962
9 38 58.6401
9 39 -45.5738
9 40 -16.0208
9 41 13.2558
9 42 -91.4813
9 43 28.1615
9 44 6.23501
9 45 -76.2097
9 46 -36.773
9 47 37.4313
9 48 52.6669
9 49 36.7378
9 50 -103.619
9 51 -40.0271
9 52 -86.1093
9 53 13.593
9 54 2.95639
9 55 -40.5859
9 56 -1.81579
9 57 -6.4806
9 58 -6.8986
9 59 12.4058
9 60 -41.7947
9 61 -30.998
9 62 -18.5202
9 63 -18.1878
9 64 49.821
9 65 25.8976
9 66 18.8592
9 67 13.4188
9 68 -65.1321
9 69 42.7354
9 70 -13.2311
9 71 -8.84212
10 36 51.2928
10 37 49.8088
10 38 -1.9512
10 39 -6.1791
10 40 71.2075
10 41 -30.7197
10 42 14.9286
10 43 -15.9666
10 44 -11.6572
10 45 -51.257
10 46 -15.4992
10 47 78.8434
10 48 -28.7426
10 49 19.0628
10 50 -32.0541
10 51 -20.808
10 52 42.0125
10 53 62.2836
10 54 -19.621
10 55 7.22011
10 56 -14.9561
10 57 -47.6736
10 58 17.9649
10 59 27.173
10 60 -1.68109
10 61 17.9548
10 62 -15.4753
10 63 -12.9737
10 64 -7.85367
10 65 -71.7882
10 66 -73.5911
10 67 21.0048
10 68 -1.44086
10 69 30.5711
10 70 -13.5308
10 71 -60.9309
11 36 -8.66458
11 37 35.4373
11 38 46.4093
11 39 26.7535
11 40 -67.3245
11 41 -17.8125
11 42 11.5275
11 43 1.2132
11 44 27.3562
11 45 -48.6171
11 46 4.41795
11 47 -32.9701
11 48 19.9174
11 49 16.7579
11 50 11.0166
11 51 -4.99924
11 52 -128.224
11 53 32.3481
11 54 4.45564
11 55 -28.3955
11 56 9.64202
11 57 -48.8295
11 58 25.9049
11 59 -17.9405
11 60 0.258538
11 61 -94.3545
11 62 80.5475
11 63 10.3655
11 64 -48.1657
11 65 40.9702
11 66 -36.4787
11 67 -12.2247
11 68 11.8749
11 69 -39.8293
11 70 52.3774
11 71 -11.3101
12 36 -31.2812
12 37 -81.4192
12 38 17.586
12 39 -24.2629
12 40 -41.9613
12 41 24.0362
12 42 -101.775
12 43 -49.1335
12 44 17.081
12 45 -41.7162
12 46 -62.762
12 47 -9.81798
12 48 -19.497
12 49 -36.8268
12 50 51.4407
12 51 1.88064
12 52 -31.7083
12 53 18.2596
12 54 64.292
12 55 -35.3343
12 56 62.9614
12 57 -15.2378
12 58 -44.7978
12 59 -53.8305
12 60 59.6415
12 61 39.3662
12 62 51.3846
12 63 2.54076
12 64 -4.95302
12 65 8.78779
12 66 -40.7266
12 67 -47.2701
12 68 70.7185
12 69 11.3343
12 70 -21.9956
12 71 52.3649
13 36 8.4035
13 37 23.8735
13 38 29.2619
13 39 -8.66441
13 40 -30.7232
13 41 15.4133
13 42 -31.0127
13 43 85.4723
13 44 -28.0517
13 45 4.66846
13 46 47.9014
13 47 13.0282
13 48 -70.1555
13 49 -28.8076
13 50 5.16701
13 51 -47.2204
13 52 32.4913
13 53 -37.371
13 54 17.0285
13 55 8.22293
13 56 63.1766
13 57 34.2857
13 58 -72.978
13 59 56.0967
13 60 -10.1599
13 61 -70.2851
13 62 16.5554
13 63 -76.1909
13 64 -34.9456
13 65 52.3293
13 66 -39.2192
13 67 6.26333
13 68 -12.273
13 69 5.16225
13 70 17.3051
13 71 -34.8706
14 36 8.56452
14 37 -18.8083
14 38 8.36266
14 39 48.9099
14 40 83.1956
14 41 -30.8585
14 42 -108.826
14 43 -36.8986
14 44 -103.715
14 45 -17.2287
14 46 -6.26669
14 47 35.5885
14 48 106.648
14 49 28.3214
14 50 -12.2054
14 51 -33.4033
14 52 -56.0813
14 53 -22.1442
14 54 3.12918
14 55 -5.02078
14 56 -67.563
14 57 22.0795
14 58 21.5797
14 59 -46.6571
14 60 37.326
14 61 68.5314
14 62 38.6573
14 63 32.4575
14 64 50.8236
14 65 -18.3794
14 66 -86.31
14 67 -10.7808
14 68 85.7217
14 69 35.9223
14 70 -13.2126
14 71 -26.9384
15 36 34.7656
15 37 19.5866
15 38 54.6956
15 39 16.9807
15 40 -79.0655
15 41 -71.3474
15 42 16.5868
15 43 -27.0621
15 44 56.4112
15 45 42.271
15 46 -41.913
15 47 0.124927
15 48 -101.438
15 49 33.9795
15 50 91.0414
15 51 -18.8432
15 52 7.62442
15 53 47.0938
15 54 22.9558
15 55 68.2083
15 56 34.1344
15 57 -20.9897
15 58 28.7632
15 59 -30.5107
15 60 31.4904
15 61 57.4683
15 62 64.8442
15 63 24.1317
15 64 -119.442
15 65 -10.4125
15 66 -34.5499
15 67 32.3945
15 68 -32.4241
15 69 -18.608
15 70 1.60648
15 71 24.7445
16 36 -53.4668
16 37 -12.1808
16 38 -46.005
16 39 -13.31
16 40 19.5094
16 41 24.2142
16 42 12.26
16 43 15.8926
16 44 22.761
16 45 15.0635
16 46 44.8871
16 47 79.1943
16 48 -23.0667
16 49 12.2405
16 50 112.586
16 51 -26.4896
16 52 29.6786
16 53 -14.0663
16 54 16.8036
16 55 -9.19594
16 56 -28.9883
16 57 -56.684
16 58 -56.6634
16 59 -76.9116
16 60 -66.1119
16 61 27.7941
16 62 -57.8268
16 63 -74.0969
16 64 -117.93
16 65 -64.2468
16 66 37.5717
16 67 -126.684
16 68 1.57501
16 69 -31.2678
16 70 31.1149
16 71 -58.8684
17 36 -51.2161
17 37 -63.5678
17 38 53.7637
17 39 27.3127
17 40 -38.3793
17 41 -23.8763
17 42 30.9887
17 43 -9.23199
17 44 126.356
17 45 -48.6503
17 46 -41.603
17 47 -22.9639
17 48 -17.9199
17 49 -4.60218
17 50 75.2509
17 51 -30.0113
17 52 -2.2227
17 53 -45.5098
17 54 66.0714
17 55 -51.651
17 56 -34.162
17 57 11.2434
17 58 84.3447
17 59 -51.4771
17 60 -63.3252
17 61 -3.15862
17 62 -56.987
17 63 -5.72228
17 64 15.741
17 65 40.9268
17 66 -45.1095
17 67 3.69775
17 68 -60.4147
17 69 -3.44802
17 70 -36.1556
17 71 23.2004
18 36 54.8293
18 37 -23.6773
18 38 -18.9401
18 39 -11.1857
18 40 -82.6287
18 41 -63.0399
18 42 -15.3815
18 43 63.8971
18 44 -85.4357
18 45 35.5628
18 46 -27.3907
18 47 -15.5533
18 48 -35.9003
18 49 36.4874
18 50 22.1533
18 51 0.728301
18 52 -7.21175
18 53 -44.5882
18 54 -72.0469
18 55 11.9248
18 56 12.2743
18 57 26.3829
18 58 11.9237
18 59 54.8741
18 60 -47.5399
18 61 -10.0819
18 62 -60.0416
18 63 -19.0583
18 64 -31.5436
18 65 62.8488
18 66 -25.7871
18 67 -43.0888
18 68 -33.4168
18 69 -7.80698
18 70 -36.9336
18 71 18.6341
19 36 47.0288
19 37 47.2204
19 38 70.4401
19 39 50.2516
19 40 -12.4587
19 41 10.0043
19 42 14.8478
19 43 -25.7346
19 44 98.527
19 45 -4.7355
19 46 39.0354
19 47 22.4554
19 48 20.5267
19 49 -23.3295
19 50 61.8217
19 51 -29.0364
19 52 -1.21026
19 53 -88.5975
19 54 -61.7938
19 55 17.3024
19 56 -11.7352
19 57 5.61359
19 58 2.74718
19 59 10.764
19 60 19.0145
19 61 -17.5685
19 62 106.346
19 63 -13.0151
19 64 23.9635
19 65 -66.7287
19 66 -44.4318
19 67 23.5403
19 68 22.0367
19 69 -8.13065
19 70 7.17547
19 71 -5.13848
20 36 67.0792
20 37 3.37879
20 38 -24.581
20 39 30.2454
20 40 49.7862
20 41 10.0451
20 42 -39.4004
20 43 -51.125
20 44 44.2493
20 45 79.2958
20 46 -25.0069
20 47 -18.2356
20 48 -12.3138
20 49 32.4505
20 50 49.8247
20 51 -59.298
20 52 -15.5871
20 53 94.8565
20 54 21.3446
20 55 36.5165
20 56 5.70709
20 57 -27.8048
20 58 -21.9085
20 59 23.285
20 60 13.0264
20 61 52.3056
20 62 29.2978
20 63 0.0925255
20 64 7.91214
20 65 64.9419
20 66 -77.043
20 67 18.4612
20 68 46.3829
20 69 28.4734
20 70 57.5864
20 71 20.4144
21 36 43.5237
21 37 8.06631
21 38 -5.08632
21 39 -47.5825
21 40 -30.589
21 41 -58.6015
21 42 30.4445
21 43 29.4052
21 44 -35.5247
21 45 17.6071
21 46 20.9884
21 47 35.6509
21 48 32.1248
21 49 -3.16099
21 50 29.1783
21 51 54.1918
21 52 8.38126
21 53 -63.8447
21 54 91.0726
21 55 20.5122
21 56 53.9082
21 57 -34.1604
21 58 -47.5729
21 59 65.3395
21 60 -7.68525
21 61 25.532
21 62 -2.42009
21 63 -31.5658
21 64 52.7322
21 65 6.19606
21 66 43.5197
21 67 -6.9368
21 68 4.66289
21 69 37.2956
21 70 1.67161
21 71 -46.831
22 36 -63.1584
22 37 -17.8947
22 38 17.0568
22 39 -30.5037
22 40 15.7577
22 41 26.6387
22 42 18.5002
22 43 -21.8699
22 44 -22.4375
22 45 -34.3665
22 46 77.9142
22 47 90.6212
22 48 12.5264
22 49 -100.764
22 50 28.5077
22 51 -57.5082
22 52 -8.08999
22 53 -26.1293
22 54 23.2354
22 55 3.93945
22 56 25.2107
22 57 4.58247
22 58 40.6735
22 59 -43.5549
22 60 -47.9111
22 61 15.9123
22 62 -60.3623
22 63 -61.7783
22 64 6.76052
22 65 -10.6601
22 66 34.072
22 67 16.2198
22 68 9.38846
22 69 36.3774
22 70 4.26316
22 71 -17.6311
23 36 88.8259
23 37 28.9163
23 38 23.8161
23 39 -3.97608
23 40 -38.9406
23 41 -36.4423
23 42 -37.0892
23 43 -16.7096
23 44 -39.1645
23 45 42.5007
23 46 -22.3025
23 47 -27.6141
23 48 33.7197
23 49 94.6039
23 50 -24.8981
23 51 53.3145
23 52 10.945
23 53 -5.75836
23 54 -72.6676
23 55 74.0805
23 56 22.2996
23 57 13.0891
23 58 13.2379
23 59 4.835
23 60 -59.4329
23 61 5.41951
23 62 -50.123
23 63 36.1943
23 64 36.4115
23 65 6.50602
23 66 2.65222
23 67 49.5643
23 68 -47.2382
23 69 -47.2027
23 70 -2.81433
23 71 20.1639
24 36 52.3895
24 37 17.7382
24 38 12.2911
24 39 15.3833
24 40 42.4604
24 41 62.857
24 42 27.515
24 43 -7.24599
24 44 -45.3172
24 45 18.3714
24 46 26.8977
24 47 10.4016
24 48 -46.6134
24 49 -40.3392
24 50 8.18488
24 51 -29.6318
24 52 6.90474
24 53 14.5812
24 54 -26.212
24 55 -13.209
24 56 61.1931
24 57 -71.7921
24 58 -22.7196
24 59 -33.0703
24 60 52.0612
24 61 -61.7167
24 62 -35.2132
24 63 13.1443
24 64 -43.1483
24 65 -78.4343
24 66 11.5167
24 67 -18.2461
24 68 23.7834
24 69 -15.6001
24 70 17.518
24 71 -34.4644
25 36 -29.4855
25 37 -49.0471
25 38 -10.0993
25 39 32.1439
25 40 -21.2324
25 41 30.4898
25 42 -55.9477
25 43 -38.7902
25 44 86.7718
25 45 85.014
25 46 10.1545
25 47 -58.4955
25 48 38.5796
25 49 -98.7803
25 50 -8.51673
25 51 -80.7656
25 52 23.3488
25 53 23.8778
25 54 42.8685
25 55 23.0141
25 56 28.4548
25 57 5.45106
25 58 -42.9295
25 59 -78.1137
25 60 52.8355
25 61 83.4735
25 62 -51.085
25 63 44.6764
25 64 23.8784
25 65 39.0712
25 66 -12.9914
25 67 -29.8891
25 68 34.4467
25 69 110.218
25 70 -54.0667
25 71 -8.96845
26 36 20.7707
26 37 -10.5112
26 38 -110.682
26 39 -100.381
26 40 -28.018
26 41 -14.7681
26 42 30.8811
26 43 -9.8956
26 44 -23.5588
26 45 64.1413
26 46 15.8365
26 47 10.8138
26 48 -3.46896
26 49 -38.8051
26 50 90.7158
26 51 37.7067
26 52 81.5575
26 53 -26.1889
26 54 48.2946
26 55 -4.59183
26 56 -22.3743
26 57 -23.8561
26 58 -54.2952
26 59 61.9244
26 60 -43.8043
26 61 -71.2334
26 62 -2.94776
26 63 -50.9907
26 64 -22.2163
26 65 64.6643
26 66 -69.5234
26 67 32.3213
26 68 39.8822
26 69 -9.28541
26 70 -45.2209
26 71 38.5761
27 36 -15.5415
27 37 38.5364
27 38 -49.4265
27 39 -36.7439
27 40 60.2248
27 41 75.9243
27 42 1.95736
27 43 25.416
27 44 24.4568
27 45 15.4684
27 46 -3.72504
27 47 -44.7886
27 48 -67.9474
27 49 -11.1039
27 50 47.7526
27 51 -10.6317
27 52 25.6795
27 53 -44.6883
27 54 7.20838
27 55 20.1219
27 56 -12.3989
27 57 -56.4816
27 58 129.695
27 59 2.86908
27 60 -67.1558
27 61 -16.8333
27 62 -1.2145
27 63 -19.6655
27 64 -60.2072
27 65 -62.0418
27 66 -31.3239
27 67 15.3081
27 68 -12.0882
27 69 -36.1182
27 70 23.1945
27 71 5.76544
28 36 -0.483201
28 37 -10.4609
28 38 6.4118
28 39 57.7928
28 40 -11.8933
28 41 -89.7088
28 42 -6.38183
28 43 -41.8828
28 44 -46.029
28 45 -30.0753
28 46 66.5905
28 47 65.3154
28 48 -38.8662
28 49 12.5406
28 50 14.4954
28 51 -74.3534
28 52 -2.46094
28 53 -14.9395
28 54 0.033822
28 55 -0.0282806
28 56 91.5503
28 57 38.5233
28 58 -22.2468
28 59 -20.5308
28 60 4.71067
28 61 46.225
28 62 2.99769
28 63 22.962
28 64 -25.3664
28 65 -23.9231
28 66 -63.5679
28 67 25.1059
28 68 33.8468
28 69 -5.73086
28 70 40.2583
28 71 -7.43717
29 36 -8.21052
29 37 50.5924
29 38 -97.5012
29 39 30.7698
29 40 42.7133
29 41 -46.5429
29 42 -29.3927
29 43 -17.3329
29 44 106.368
29 45 -54.5783
29 46 1.2889
29 47 -77.9689
29 48 34.7124
29 49 11.5554
29 50 26.9822
29 51 -4.37802
29 52 8.27998
29 53 -39.2939
29 54 -36.2819
29 55 49.3889
29 56 -3.43396
29 57 -47.9475
29 58 25.1569
29 59 -41.4037
29 60 18.3687
29 61 60.0652
29 62 115.5
29 63 -18.2644
29 64 12.8133
29 65 20.6765
29 66 -1.64181
29 67 25.1461
29 68 -72.1499
29 69 5.66029
29 70 4.52047
29 71 -27.9115
30 36 -0.925904
30 37 17.1857
30 38 -24.5491
30 39 -14.2568
30 40 7.39628
30 41 -34.5114
30 42 -113.772
30 43 1.19438
30 44 22.5772
30 45 72.7868
30 46 -37.0227
30 47 7.39749
30 48 1.84071
30 49 -14.5498
30 50 11.555
30 51 -21.0096
30 52 -15.1071
30 53 16.1154
30 54 -19.1896
30 55 15.7682
30 56 19.3247
30 57 24.7013
30 58 93.6589
30 59 84.4755
30 60 36.1841
30 61 -2.7244
30 62 -90.0114
30 63 71.6138
30 64 24.2366
30 65 -40.8443
30 66 70.567
30 67 -3.05654
30 68 12.9069
30 69 14.904
30 70 -77.9309
30 71 75.377
31 36 38.6969
31 37 18.8084
31 38 13.4766
31 39 -23.0219
31 40 -47.1429
31 41 -51.8534
31 42 -17.4087
31 43 3.68773
31 44 -13.0445
31 45 -20.1178
31 46 -28.4867
31 47 34.0019
31 48 25.6907
31 49 -92.4955
31 50 10.2135
31 51 -16.4819
31 52 -36.0656
31 53 12.0897
31 54 -2.7961
31 55 -17.0713
31 56 50.9096
31 57 126.543
31 58 60.667
31 59 31.7698
31 60 -31.9708
31 61 -41.7548
31 62 -6.046
31 63 -14.294
31 64 41.3321
31 65 72.07
31 66 58.842
31 67 -17.4003
31 68 -11.9373
31 69 68.2393
31 70 -90.7814
31 71 20.681
32 36 -44.7958
32 37 57.7191
32 38 -86.6128
32 39 0.0884097
32 40 23.8559
32 41 -38.6592
32 42 6.47316
32 43 -34.8165
32 44 107.745
32 45 -73.2315
32 46 34.5382
32 47 -12.4759
32 48 26.0204
32 49 4.99585
32 50 107.214
32 51 -11.6579
32 52 -39.8709
32 53 22.6453
32 54 -7.06388
32 55 -2.07454
32 56 -31.9108
32 57 -8.08019
32 58 0.0717754
32 59 17.6455
32 60 -48.9821
32 61 28.3733
32 62 -43.3369
32 63 -36.7471
32 64 19.7198
32 65 -100.187
32 66 -55.3256
32 67 11.5906
32 68 -16.1731
32 69 4.11679
32 70 -3.59526
32 71 39.4856
33 36 8.1285
33 37 6.07598
33 38 14.7389
33 39 -66.907
33 40 76.3228
33 41 13.1212
33 42 42.4982
33 43 73.0291
33 44 82.0961
33 45 -16.4486
33 46 31.3688
33 47 37.0908
33 48 17.3299
33 49 -7.12302
33 50 122.021
33 51 64.839
33 52 18.33
33 53 4.82778
33 54 -16.286
33 55 -44.3999
33 56 71.6523
33 57 16.6058
33 58 -31.0754
33 59 20.0841
33 60 8.56224
33 61 -48.3387
33 62 41.465
33 63 23.9306
33 64 9.76896
33 65 -22.9513
33 66 -33.0413
33 67 131.948
33 68 -24.8906
33 69 -18.5849
33 70 -78.6291
33 71 9.34722
34 36 2.38355
34 37 -15.6915
34 38 19.6145
34 39 3.78189
34 40 39.785
34 41 11.7901
34 42 2.28856
34 43 34.3947
34 44 -56.974
34 45 70.578
34 46 -1.01568
34 47 94.2639
34 48 45.7012
34 49 37.0016
34 50 19.4785
34 51 73.2347
34 52 38.3452
34 53 50.6525
34 54 -0.230897
34 55 50.0714
34 56 -1.2002
34 57 -41.4658
34 58 -43.5209
34 59 -45.3134
34 60 58.3568
34 61 45.8869
34 62 9.22824
34 63 61.6358
34 64 6.03423
34 65 39.6233
34 66 -42.3052
34 67 -7.72628
34 68 -3.40475
34 69 -33.9712
34 70 9.15958
34 71 17.4233
35 36 25.4632
35 37 -45.0559
35 38 -3.97888
35 39 -3.40568
35 40 20.1904
35 41 -33.9814
35 42 14.5939
35 43 -22.1496
35 44 9.60494
35 45 -21.4964
35 46 -51.1854
35 47 -63.7041
35 48 -81.8927
35 49 -87.7308
35 50 -9.34565
35 51 -75.6479
35 52 40.7388
35 53 -26.8593
35 54 2.40011
35 55 45.0863
35 56 81.6898
35 57 -62.4409
35 58 45.0981
35 59 -55.1245
35 60 -20.9559
35 61 -26.3646
35 62 40.92
35 63 -19.231
35 64 -91.6874
35 65 49.2765
35 66 -84.871
35 67 -21.3614
35 68 -42.0381
35 69 50.5604
35 70 -39.3291
35 71 31.4229
36 72 -18.0821
36 73 63.8503
36 74 -96.0842
36 75 -34.5536
36 76 -43.0719
36 77 33.9124
36 78 -37.1761
36 79 -29.3469
36 80 49.3772
36 81 65.7744
36 82 -16.7497
36 83 22.67
36 84 -20.4532
36 85 -6.34665
36 86 -30.8184
36 87 20.7943
36 88 34.7424
36 89 -69.4078
36 90 96.163
36 91 -80.2481
36 92 -107.688
36 93 -45.3735
36 94 41.1817
36 95 18.4427
36 96 31.1061
36 97 107.848
36 98 -14.8282
36 99 -23.8767
36 100 -5.0072
36 101 -11.9098
36 102 -42.8419
36 103 -8.21571
36 104 41.7683
36 105 -30.9068
36 106 15.5124
36 107 29.49
37 72 -64.2472
37 73 -28.2891
37 74 -50.2129
37 75 -14.9119
37 76 -8.90546
37 77 6.78763
37 78 -0.929207
37 79 58.2807
37 80 92.2762
37 81 -51.7568
37 82 -59.4438
37 83 -53.773
37 84 -39.9236
37 85 -24.0733
37 86 30.4176
37 87 -9.36367
37 88 -37.3566
37 89 36.7967
37 90 -36.2753
37 91 -41.0861
37 92 -57.8368
37 93 6.64641
37 94 -36.8079
37 95 9.36447
37 96 30.7772
37 97 19.2787
37 98 -6.78429
37 99 4.85988
37 100 15.9986
37 101 -14.9739
37 102 76.3668
37 103 -22.1342
37 104 3.49163
37 105 -17.5415
37 106 -42.5165
37 107 8.24251
38 72 33.0588
38 73 11.7684
38 74 140.717
38 75 -15.8778
38 76 -37.7458
38 77 -45.5827
38 78 -25.234
38 79 4.12508
38 80 14.0126
38 81 -12.8756
38 82 79.2282
38 83 41.0174
38 84 -77.8306
38 85 56.9347
38 86 -56.7237
38 87 -13.5211
38 88 -27.2907
38 89 45.4606
38 90 -50.4636
38 91 -42.0668
38 92 45.5221
38 93 14.8551
38 94 23.6837
38 95 -38.8833
38 96 36.0117
38 97 -93.7673
38 98 -84.9686
38 99 23.4794
38 100 -3.88888
38 101 6.0335
38 102 3.15912
38 103 -20.4881
38 104 -36.1751
38 105 -108.72
38 106 41.1051
38 107 55.1071
39 72 -42.9593
39 73 18.8947
39 74 101.939
39 75 3.09261
39 76 -30.9007
39 77 -7.13728
39 78 27.5076
39 79 -62.3332
39 80 45.2381
39 81 41.8978
39 82 17.1345
39 83 52.7146
39 84 -109.078
39 85 -10.3626
39 86 33.1255
39 87 -17.1654
39 88 122.73
39 89 14.8595
39 90 -42.2827
39 91 -103.162
39 92 2.51836
39 93 -32.3601
39 94 35.4804
39 95 46.008
39 96 -36.3745
39 97 -22.7404
39 98 73.2588
39 99 -16.3693
39 100 -19.645
39 101 -53.8351
39 102 63.5327
39 103 27.705
39 104 -50.2
39 105 33.8441
39 106 49.6761
39 107 4.3985
40 72 -16.2466
40 73 -16.6277
40 74 -65.1946
40 75 -98.833
40 76 -42.0247
40 77 37.8317
40 78 -12.3653
40 79 -34.6059
40 80 15.6968
40 81 -58.1175
40 82 -25.4315
40 83 -20.9322
40 84 67.1668
40 85 -23.4317
40 86 56.5157
40 87 8.96015
40 88 -26.0299
40 89 9.12309
40 90 -38.3553
40 91 30.8617
40 92 -24.4979
40 93 -80.8293
40 94 14.3079
40 95 -11.0777
40 96 -32.7057
40 97 87.0884
40 98 -7.25204
40 99 24.8154
40 100 34.6431
40 101 -46.4433
40 102 32.6776
40 103 -15.1216
40 104 -39.8843
40 105 33.4409
40 106 23.6891
40 107 27.8169
41 72 28.9078
41 73 -70.8305
41 74 29.2618
41 75 -77.4963
41 76 -33.3694
41 77 -28.411
41 78 47.6024
41 79 -4.30897
41 80 53.5728
41 81 56.4003
41 82 -40.7701
41 83 -2.34846
41 84 -21.5745
41 85 -6.40779
41 86 -24.0069
41 87 14.6525
41 88 38.0494
41 89 44.8646
41 90 -37.9795
41 91 30.8449
41 92 49.8572
41 93 16.0816
41 94 -28.2313
41 95 -64.6382
41 96 46.4182
41 97 10.6081
41 98 -32.3471
41 99 -0.742682
41 100 -82.2476
41 101 -51.7199
41 102 -6.14038
41 103 -11.6163
41 104 -13.3597
41 105 -10.0838
41 106 3.08594
41 107 33.9559
42 72 -14.6721
42 73 -45.1483
42 74 0.303886
42 75 -57.4645
42 76 29.9486
42 77 54.1814
42 78 -42.9023
42 79 95.6412
42 80 -26.1033
42 81 -13.5108
42 82 -37.7799
42 83 44.0502
42 84 -18.2612
42 85 -29.6433
42 86 50.395
42 87 17.553
42 88 26.6819
42 89 -83.8394
42 90 -63.1246
42 91 41.3189
42 92 -32.9844
42 93 -8.4331
42 94 -45.3837
42 95 46.0828
42 96 -50.1579
42 97 -84.63
42 98 12.5026
42 99 20.6303
42 100 17.0138
42 101 102.583
42 102 -2.3164
42 103 -31.2959
42 104 46.0733
42 105 -40.3946
42 106 54.9804
42 107 63.2738
43 72 0.366847
43 73 -76.749
43 74 55.8012
43 75 22.3089
43 76 111.173
43 77 52.8024
43 78 -30.9066
43 79 25.3456
43 80 -34.955
43 81 -111.903
43 82 -25.592
43 83 -7.52791
43 84 114.481
43 85 -12.4156
43 86 -48.5359
43 87 50.6907
43 88 -57.3009
43 89 19.3577
43 90 65.5294
43 91 60.6393
43 92 -12.4411
43 93 -8.57173
43 94 -55.5921
43 95 54.1806
43 96 -31.2421
43 97 -47.6516
43 98 -24.8522
43 99 27.3648
43 100 -24.6555
43 101 -61.3944
43 102 -46.1911
43 103 49.0162
43 104 -22.3346
43 105 64.6807
43 106 -68.5052
43 107 8.96584
44 72 -103.355
44 73 -30.1196
44 74 -5.64537
44 75 18.076
44 76 -68.0483
44 77 6.68168
44 78 9.06691
44 79 -6.58142
44 80 87.7485
44 81 -50.3541
44 82 13.0414
44 83 54.6684
44 84 -19.4591
44 85 -69.3146
44 86 86.716
44 87 10.3024
44 88 52.573
44 89 -44.1102
44 90 6.08051
44 91 -17.3418
44 92 -77.749
44 93 -17.4659
44 94 -50.0599
44 95 -67.8282
44 96 28.4515
44 97 -6.5375
44 98 13.3131
44 99 -79.6558
44 100 -14.9972
44 101 39.938
44 102 -0.916603
44 103 -16.4847
44 104 -12.4532
44 105 10.5335
44 106 3.22523
44 107 -18.6701
45 72 -81.8852
45 73 -7.5154
45 74 113.111
45 75 -62.8434
45 76 -29.9133
45 77 37.1959
45 78 13.0195
45 79 51.6264
45 80 12.3475
45 81 -20.4211
45 82 -38.8301
45 83 71.5783
45 84 -35.9317
45 85 -28.1775
45 86 -11.5828
45 87 28.6474
45 88 -21.6453
45 89 23.3943
45 90 -21.9092
45 91 21.5769
45 92 70.7373
45 93 -14.7667
45 94 15.4864
45 95 86.2774
45 96 -3.19545
45 97 13.8523
45 98 -60.7218
45 99 7.62019
45 100 -3.70844
45 101 2.18708
45 102 -11.2053
45 103 15.0323
45 104 69.5088
45 105 26.4619
45 106 6.00579
45 107 -60.0757
46 72 -13.9477
46 73 10.2813
46 74 18.454
46 75 -45.269
46 76 61.1237
46 77 54.2252
46 78 18.4862
46 79 23.2756
46 80 13.1472
46 81 97.7814
46 82 -22.2383
46 83 -23.5274
46 84 -22.4991
46 85 55.823
46 86 71.9088
46 87 13.654
46 88 -21.0545
46 89 53.3854
46 90 -20.0263
46 91 -34.699
46 92 8.68087
46 93 76.1821
46 94 -29.8118
46 95 37.4482
46 96 85.9439
46 97 -21.1635
46 98 -64.1774
46 99 8.35673
46 100 -12.2426
46 101 46.5585
46 102 -8.56972
46 103 34.1082
46 104 76.5446
46 105 -64.5707
46 106 -24.2575
46 107 21.526
47 72 -75.8663
47 73 15.7271
47 74 140.02
47 75 -30.2708
47 76 0.580054
47 77 -2.16247
47 78 -0.438148
47 79 -0.0645842
47 80 -33.3775
47 81 20.9183
47 82 15.3986
47 83 60.4359
47 84 -42.2195
47 85 -3.27561
47 86 -4.12824
47 87 -62.7333
47 88 -37.6971
47 89 31.0963
47 90 46.2005
47 91 9.06461
47 92 -32.9167
47 93 6.81801
47 94 7.28816
47 95 -6.95101
47 96 -7.13064
47 97 -14.1061
47 98 24.6872
47 99 -5.76817
47 100 33.4138
47 101 16.3026
47 102 -26.5588
47 103 -22.5329
47 104 25.126
47 105 -25.8901
47 106 -28.9606
47 107 2.03696
48 72 -7.31783
48 73 29.3857
48 74 39.7336
48 75 59.7243
48 76 -22.566
48 77 -109.775
48 78 -23.4694
48 79 -35.3534
48 80 -17.7791
48 81 25.2258
48 82 14.6563
48 83 29.6841
48 84 -16.8667
48 85 -64.8273
48 86 -5.57796
48 87 -38.5319
48 88 -28.3124
48 89 13.326
48 90 30.6159
48 91 -32.636
48 92 5.91347
48 93 -21.5161
48 94 -10.2223
48 95 40.9717
48 96 -50.8941
48 97 91.7852
48 98 -23.1582
48 99 92.8603
48 100 9.31841
48 101 53.9939
48 102 4.1813
48 103 46.2971
48 104 -19.3259
48 105 10.8572
48 106 81.3738
48 107 56.476
49 72 -4.03951
49 73 -64.3272
49 74 -69.4251
49 75 -14.6089
49 76 34.6559
49 77 2.57004
49 78 14.6724
49 79 3.52755
49 80 -30.4521
49 81 -12.5908
49 82 52.4823
49 83 -45.0421
49 84 31.9934
49 85 2.26995
49 86 36.2004
49 87 -9.4294
49 88 -30.2317
49 89 -24.3864
49 90 12.6183
49 91 -20.2008
49 92 28.0966
49 93 38.0658
49 94 11.4178
49 95 -25.8547
49 96 -70.1512
49 97 26.3497
49 98 -15.4392
49 99 -43.6687
49 100 3.16135
49 101 -7.54551
49 102 -45.9088
49 103 62.5189
49 104 18.8067
49 105 17.0309
49 106 45.411
49 107 -22.1523
50 72 -20.6719
50 73 -5.27985
50 74 41.6191
50 75 -21.2679
50 76 45.8533
50 77 31.8326
50 78 18.1366
50 79 46.7727
50 80 -3.26242
50 81 -0.115307
50 82 16.9081
50 83 -24.5159
50 84 77.407
50 85 18.4617
50 86 -10.4865
50 87 -3.14404
50 88 -46.6872
50 89 62.2482
50 90 29.9928
50 91 -30.8077
50 92 20.4047
50 93 8.74136
50 94 12.3468
50 95 70.0893
50 96 -3.48005
50 97 -29.6579
50 98 -8.12416
50 99 -57.2746
50 100 -48.9099
50 101 51.546
50 102 -11.2837
50 103 6.67498
50 104 -8.25446
50 105 -27.4973
50 106 14.0307
50 107 -27.6902
51 72 -3.37388
51 73 6.22133
51 74 -34.6729
51 75 -48.8271
51 76 49.3596
51 77 -31.1074
51 78 8.46806
51 79 -58.8723
51 80 -3.01877
51 81 25.4087
51 82 30.5549
51 83 14.0468
51 84 -12.9199
51 85 -20.3596
51 86 -37.2332
51 87 10.3303
51 88 -28.4752
51 89 -32.1086
51 90 -9.82744
51 91 -2.171
51 92 20.2224
51 93 -26.6621
51 94 -34.2214
51 95 -21.3041
51 96 -68.9737
51 97 22.6123
51 98 17.8021
51 99 -25.4619
51 100 21.2003
51 101 64.3353
51 102 40.2475
51 103 26.48
51 104 76.8115
51 105 45.6517
51 106 5.2548
51 107 29.8307
52 72 15.8577
52 73 64.8563
52 74 -18.3187
52 75 48.5517
52 76 6.87059
52 77 55.1474
52 78 25.6677
52 79 66.6507
52 80 32.9113
52 81 -3.26711
52 82 -18.0987
52 83 86.146
52 84 45.4934
52 85 12.8689
52 86 21.2797
52 87 -96.6313
52 88 -47.8557
52 89 -64.2939
52 90 67.6611
52 91 -21.8698
52 92 -0.737121
52 93 -8.17231
52 94 -49.8308
52 95 46.9625
52 96 -43.2653
52 97 -34.2686
52 98 28.6553
52 99 20.5736
52 100 -51.2951
52 101 -18.1118
52 102 -80.4217
52 103 -0.533153
52 104 36.4409
52 105 -34.0509
52 106 -55.6197
52 107 -40.5504
53 72 -51.3996
53 73 -17.9545
53 74 39.6656
53 75 99.3063
53 76 -53.7141
53 77 -74.1011
53 78 -49.7591
53 79 12.6063
53 80 12.5765
53 81 12.5915
53 82 13.8806
53 83 75.2217
53 84 75.0462
53 85 55.9386
53 86 22.1542
53 87 -17.2943
53 88 -5.77291
53 89 -7.45591
53 90 14.9035
53 91 27.1551
53 92 55.8753
53 93 31.2345
53 94 6.86216
53 95 1.72189
53 96 96.368
53 97 49.3402
53 98 -18.3678
53 99 58.1003
53 100 -64.0874
53 101 -51.2976
53 102 35.0328
53 103 35.5825
53 104 -2.09344
53 105 -19.6787
53 106 53.1424
53 107 17.5834
54 72 -32.6799
54 73 -29.3616
54 74 60.022
54 75 -29.1837
54 76 -68.5893
54 77 -14.6497
54 78 -4.5816
54 79 -12.7739
54 80 30.9813
54 81 65.8207
54 82 33.1181
54 83 74.2776
54 84 3.06723
54 85 51.7699
54 86 21.2766
54 87 59.6303
54 88 -62.8282
54 89 40.8117
54 90 72.4932
54 91 -49.6294
54 92 -16.4154
54 93 -20.612
54 94 -26.2953
54 95 43.2558
54 96 44.7217
54 97 36.2128
54 98 -27.2256
54 99 -20.6686
54 100 38.114
54 101 -72.1454
54 102 29.9394
54 103 25.0729
54 104 -7.76607
54 105 -55.6626
54 106 -13.789
54 107 54.2355
55 72 139.089
55 73 10.4778
55 74 12.8255
55 75 5.43807
55 76 -25.5151
55 77 77.9614
55 78 6.3774
55 79 62.4108
55 80 -2.26159
55 81 -19.4017
55 82 7.21472
55 83 56.1081
55 84 54.56
55 85 49.6875
55 86 -28.1304
55 87 9.47988
55 88 55.1962
55 89 8.03672
55 90 -19.7815
55 91 36.2217
55 92 17.0185
55 93 -60.5875
55 94 0.918996
55 95 5.70953
55 96 29.1736
55 97 -8.29088
55 98 21.3958
55 99 4.68215
55 100 -12.1449
55 101 -72.9121
55 102 87.0897
55 103 -142.964
55 104 41.3289
55 105 -35.6628
55 106 -48.7655
55 107 112.251
56 72 -40.6905
56 73 29.3018
56 74 -35.911
56 75 25.211
56 76 -50.6762
56 77 22.7258
56 78 63.0771
56 79 -68.1205
56 80 -44.1182
56 81 -8.62091
56 82 -11.2908
56 83 -30.7691
56 84 -23.6752
56 85 35.8129
56 86 27.5999
56 87 -29.2746
56 88 39.5029
56 89 -2.16594
56 90 -93.8794
56 91 -72.7967
56 92 -48.52
56 93 17.6023
56 94 25.6439
56 95 72.4447
56 96 38.9786
56 97 -29.068
56 98 -3.60172
56 99 28.2848
56 100 26.9405
56 101 -54.0526
56 102 -40.6168
56 103 -9.90456
56 104 -27.6133
56 105 -3.13093
56 106 3.74584
56 107 28.9156
57 72 8.96474
57 73 21.5492
57 74 12.1579
57 75 -15.0216
57 76 -150.927
57 77 -17.6588
57 78 -13.0659
57 79 102.257
57 80 -64.1583
57 81 -2.19712
57 82 -4.25649
57 83 -48.276
57 84 34.4835
57 85 -24.7263
57 86 -3.72454
57 87 70.9592
57 88 48.241
57 89 -122.205
57 90 15.009
57 91 67.3796
57 92 15.7952
57 93 -56.9892
57 94 -46.877
57 95 -21.4529
57 96 54.7132
57 97 -30.2461
57 98 -18.7331
57 99 -1.49974
57 100 10.1459
57 101 -39.6764
57 102 -74.1131
57 103 25.6907
57 104 -41.0276
57 105 -9.30864
57 106 6.65559
57 107 14.2123
58 72 -19.5025
58 73 23.0335
58 74 -50.7562
58 75 56.6231
58 76 50.9645
58 77 22.3936
58 78 5.72216
58 79 -26.3537
58 80 163.811
58 81 25.7888
58 82 -125.791
58 83 0.313951
58 84 -10.4901
58 85 -29.2634
58 86 -4.97588
58 87 -2.4567
58 88 47.4505
58 89 104.048
58 90 -5.82505
58 91 -30.0481
58 92 -10.9413
58 93 -49.0505
58 94 -9.11183
58 95 -36.8766
58 96 -9.69201
58 97 73.1384
58 98 27.0677
58 99 15.0171
58 100 -46.0806
58 101 2.27635
58 102 1.6473
58 103 68.645
58 104 21.4062
58 105 27.2331
58 106 70.9433
58 107 66.981
59 72 68.3735
59 73 3.75582
59 74 -43.915
59 75 -34.6557
59 76 -2.4949
59 77 -34.4221
59 78 -60.3105
59 79 40.5725
59 80 45.0319
59 81 -15.405
59 82 13.0225
59 83 -63.6469
59 84 17.7977
59 85 -16.6118
59 86 94.4703
59 87 29.7481
59 88 -48.4588
59 89 -12.0389
59 90 7.41893
59 91 -18.0876
59 92 20.6481
59 93 -76.6495
59 94 -2.57588
59 95 -38.9256
59 96 -80.3822
59 97 52.858
59 98 -73.989
59 99 -7.08065
59 100 -76.1362
59 101 -72.7913
59 102 19.414
59 103 -5.99851
59 104 -19.0774
59 105 47.4978
59 106 20.3712
59 107 27.8454
60 72 76.2171
60 73 31.1755
60 74 -47.4573
60 75 34.7895
60 76 51.4425
60 77 16.5747
60 78 -57.6407
60 79 -100.703
60 80 76.3542
60 81 27.5053
60 82 66.9541
60 83 -80.8656
60 84 -5.31259
60 85 46.8422
60 86 -9.17072
60 87 -45.4529
60 88 -7.04653
60 89 -124.26
60 90 -76.0965
60 91 -52.8327
60 92 -0.896884
60 93 52.6213
60 94 -7.87051
60 95 4.79965
60 96 -54.5798
60 97 -39.5568
60 98 73.1416
60 99 28.6707
60 100 -58.3255
60 101 -69.62
60 102 -41.4069
60 103 33.1322
60 104 -8.87257
60 105 -0.123487
60 106 -11.6424
60 107 -13.6333
61 72 5.75049
61 73 -85.0376
61 74 20.1585
61 75 11.548
61 76 11.5531
61 77 -6.9451
61 78 -64.698
61 79 -33.7457
61 80 -58.7194
61 81 6.22426
61 82 13.1145
61 83 50.1698
61 84 17.5083
61 85 13.6689
61 86 -13.491
61 87 -8.14552
61 88 28.1459
61 89 86.8017
61 90 -28.0927
61 91 70.2423
61 92 -9.68954
61 93 -71.9082
61 94 -15.6541
61 95 45.4112
61 96 -22.0186
61 97 14.6766
61 98 12.6026
61 99 -42.0282
61 100 -11.1734
61 101 -49.8929
61 102 -26.0902
61 103 -49.729
61 104 -10.452
61 105 34.1633
61 106 -46.5464
61 107 -61.5343
62 72 64.3182
62 73 21.914
62 74 31.5636
62 75 60.5742
62 76 -38.566
62 77 -37.4196
62 78 6.38259
62 79 -37.5197
62 80 -33.4818
62 81 -23.7013
62 82 -81.9947
62 83 37.3283
62 84 33.2905
62 85 51.152
62 86 -58.0284
62 87 -60.8853
62 88 27.8299
62 89 13.981
62 90 10.4892
62 91 -33.7185
62 92 -40.6357
62 93 -35.0144
62 94 51.949
62 95 8.876
62 96 11.9811
62 97 -32.8615
62 98 14.3991
62 99 29.1913
62 100 -1.37805
62 101 -14.6783
62 102 -25.9649
62 103 -0.10375
62 104 57.9078
62 105 -54.0542
62 106 15.2705
62 107 10.6733
63 72 -35.1168
63 73 -4.19895
63 74 25.1433
63 75 -19.5815
63 76 12.619
63 77 38.9044
63 78 -28.8307
63 79 -68.8267
63 80 -11.2278
63 81 -17.4209
63 82 -114.599
63 83 39.4779
63 84 -68.3777
63 85 -2.72429
63 86 49.036
63 87 6.97273
63 88 -40.5175
63 89 -11.1564
63 90 -16.0431
63 91 78.3016
63 92 39.1846
63 93 -27.3343
63 94 -61.9448
63 95 -40.7104
63 96 -41.5156
63 97 -81.9436
63 98 -62.8848
63 99 31.5492
63 100 58.469
63 101 -51.6943
63 102 1.23188
63 103 2.93414
63 104 30.5935
63 105 39.5001
63 106 11.6921
63 107 -7.60127
64 72 13.4927
64 73 12.8983
64 74 39.2406
64 75 61.5283
64 76 41.761
64 77 -67.4019
64 78 -56.7252
64 79 -24.0756
64 80 24.7895
64 81 -54.3309
64 82 -1.65456
64 83 5.50469
64 84 -15.7914
64 85 36.5132
64 86 -10.0217
64 87 -4.73895
64 88 -3.32238
64 89 62.0234
64 90 -89.2646
64 91 -11.2006
64 92 114.655
64 93 -105.144
64 94 -52.8329
64 95 -89.4926
64 96 1.57353
64 97 48.0625
64 98 35.3384
64 99 27.6849
64 100 -44.4499
64 101 10.0976
64 102 -58.7074
64 103 -62.3284
64 104 29.6852
64 105 -102.018
64 106 24.6578
64 107 -16.5509
65 72 31.6412
65 73 17.6574
65 74 -61.6692
65 75 -33.4076
65 76 -14.5532
65 77 -5.94152
65 78 -37.1078
65 79 -27.6132
65 80 61.8815
65 81 -31.0633
65 82 -49.8716
65 83 58.401
65 84 -10.7459
65 85 79.3253
65 86 0.0746267
65 87 -72.2901
65 88 -46.6643
65 89 -35.965
65 90 50.7269
65 91 -46.9156
65 92 -47.8781
65 93 48.2979
65 94 125.771
65 95 -52.4821
65 96 -19.1191
65 97 -23.707
65 98 -11.6303
65 99 10.7697
65 100 34.6907
65 101 -72.4767
65 102 -40.9957
65 103 -36.6745
65 104 58.1416
65 105 -72.1501
65 106 -13.3829
65 107 69.4128
66 72 47.9413
66 73 28.2458
66 74 -2.60335
66 75 11.3264
66 76 2.67872
66 77 -15.3612
66 78 -0.180351
66 79 110.958
66 80 3.4124
66 81 15.6208
66 82 -9.16056
66 83 -25.7272
66 84 -38.9375
66 85 23.1498
66 86 -21.7425
66 87 -13.8344
66 88 40.1811
66 89 -11.0377
66 90 46.3507
66 91 -76.6817
66 92 -68.2196
66 93 -45.3754
66 94 -18.2585
66 95 30.5559
66 96 23.9517
66 97 -51.1403
66 98 18.3756
66 99 -11.3195
66 100 -5.49358
66 101 -39.3975
66 102 84.8792
66 103 105.951
66 104 -7.16861
66 105 -26.1096
66 106 -31.1952
66 107 -49.2413
67 72 47.1756
67 73 -100.603
67 74 -56.8471
67 75 6.84906
67 76 -41.9749
67 77 67.8724
67 78 -43.087
67 79 -53.2571
67 80 -48.8454
67 81 17.5894
67 82 32.6316
67 83 -14.307
67 84 17.2246
67 85 -41.579
67 86 65.1801
67 87 -18.3833
67 88 -26.8907
67 89 -6.11585
67 90 26.7588
67 91 -2.02715
67 92 5.11171
67 93 32.8218
67 94 -16.7886
67 95 1.75675
67 96 29.0628
67 97 -11.88
67 98 -22.6468
67 99 11.7516
67 100 18.094
67 101 19.5885
67 102 -24.5173
67 103 -10.0028
67 104 -5.73084
67 105 32.3566
67 106 32.7473
67 107 21.9074
68 72 -80.7679
68 73 57.9773
68 74 -9.63712
68 75 -61.4082
68 76 32.1802
68 77 21.4776
68 78 11.0832
68 79 -17.1838
68 80 -60.4587
68 81 -68.4057
68 82 -10.6349
68 83 86.6607
68 84 -67.831
68 85 -41.495
68 86 -12.6438
68 87 -79.6361
68 88 23.5692
68 89 25.3083
68 90 -40.9134
68 91 36.6729
68 92 17.3557
68 93 70.6886
68 94 -55.7625
68 95 6.66019
68 96 -43.3333
68 97 -37.5006
68 98 -19.6065
68 99 25.9727
68 100 -5.11975
68 101 -14.123
68 102 -68.171
68 103 -37.6293
68 104 -89.5386
68 105 80.4907
68 106 -101.225
68 107 -72.5388
69 72 -66.599
69 73 47.6554
69 74 -80.8057
69 75 4.05793
69 76 -60.5778
69 77 78.3713
69 78 -24.4562
69 79 24.3616
69 80 -45.9411
69 81 -15.6085
69 82 -6.96498
69 83 -2.87121
69 84 2.74318
69 85 86.3524
69 86 47.7563
69 87 20.4096
69 88 7.36833
69 89 -79.9325
69 90 10.3574
69 91 30.3258
69 92 -4.67043
69 93 -2.73887
69 94 43.2053
69 95 -69.2527
69 96 20.8949
69 97 -5.94622
69 98 23.9831
69 99 -49.7375
69 100 34.5839
69 101 134.337
69 102 -79.283
69 103 38.5615
69 104 -22.8119
69 105 4.43008
69 106 -65.1251
69 107 -28.8425
70 72 -24.9849
70 73 34.3548
70 74 -12.8746
70 75 32.6187
70 76 -13.2429
70 77 -21.1264
70 78 -48.6176
70 79 -22.6396
70 80 8.67099
70 81 -24.39
70 82 10.8679
70 83 -85.0085
70 84 -36.0953
70 85 -59.1646
70 86 -28.1249
70 87 37.1091
70 88 94.869
70 89 -37.238
70 90 -35.0897
70 91 40.4409
70 92 -28.4487
70 93 -0.526719
70 94 39.3643
70 95 -22.582
70 96 -16.1799
70 97 20.2622
70 98 -36.3379
70 99 9.75454
70 100 -25.9936
70 101 -47.8008
70 102 -18.4051
70 103 65.3836
70 104 -25.822
70 105 51.9935
70 106 -98.2533
70 107 24.2486
71 72 46.3005
71 73 -7.88643
71 74 1.47786
71 75 1.41767
71 76 -12.0941
71 77 -61.0568
71 78 -91.4902
71 79 -28.037
71 80 -28.737
71 81 18.9782
71 82 28.623
71 83 6.12553
71 84 -32.2784
71 85 14.5233
71 86 21.2522
71 87 -57.2379
71 88 -17.9532
71 89 64.0664
71 90 -3.4418
71 91 72.0209
71 92 23.1879
71 93 -88.2828
71 94 -88.2857
71 95 17.1697
71 96 -8.18898
71 97 13.1728
71 98 -23.9546
71 99 34.4451
71 100 8.75256
71 101 -0.203238
71 102 32.4347
71 103 -2.48
71 104 -21.1405
71 105 56.1235
71 106 16.5252
71 107 -23.9862
0 0 129.269
1 0 30.0723
2 0 29.2007
3 0 51.9456
4 0 4.53092
5 0 81.4675
6 0 25.592
7 0 27.2971
8 0 -16.066
9 0 55.978
10 0 9.54757
11 0 43.0244
12 0 43.6341
13 0 49.0998
14 0 107.359
15 0 -4.60253
16 0 4.79178
17 0 2.83973
0 1 -12.8596
1 1 -32.9266
2 1 -38.7358
3 1 -71.3809
4 1 -47.4362
5 1 96.9554
6 1 16.0414
7 1 41.5267
8 1 -29.369
9 1 30.7087
10 1 99.7721
11 1 7.31842
12 1 -9.12643
13 1 30.3536
14 1 25.7662
15 1 -26.2707
16 1 33.1016
17 1 19.407
0 2 29.0873
1 2 -45.1171
2 2 79.5535
3 2 68.2865
4 2 29.7473
5 2 -51.9109
6 2 4.89549
7 2 77.4815
8 2 4.61278
9 2 -26.5364
10 2 53.7846
11 2 -69.8398
12 2 -55.0219
13 2 10.7155
14 2 10.7921
15 2 38.5265
16 2 20.1062
17 2 30.2222
0 3 -82.9145
1 3 -9.52287
2 3 -26.6651
3 3 -25.8254
4 3 -18.516
5 3 28.4047
6 3 -16.5511
7 3 56.4713
8 3 -5.85461
9 3 0.788396
10 3 32.5567
11 3 -47.9489
12 3 -65.542
13 3 -93.3362
14 3 27.459
15 3 -12.554
16 3 -61.6262
17 3 31.203
0 4 18.1827
1 4 -35.6373
2 4 64.7342
3 4 63.4385
4 4 -4.08071
5 4 -27.7666
6 4 16.7667
7 4 8.22965
8 4 -19.3925
9 4 -62.9351
10 4 -18.4101
11 4 1.64283
12 4 -50.3292
13 4 -53.155
14 4 3.54375
15 4 -23.7086
16 4 -51.6589
17 4 35.586
0 5 -17.3266
1 5 -52.1965
2 5 -15.9036
3 5 10.3593
4 5 -32.2857
5 5 -39.999
6 5 12.4716
7 5 -15.309
8 5 4.22765
9 5 43.3555
10 5 -6.96018
11 5 -62.0965
12 5 -17.5897
13 5 -68.1384
14 5 40.719
15 5 30.1269
16 5 -14.4314
17 5 -23.2702
0 6 48.9998
1 6 -110.194
2 6 55.9326
3 6 65.9827
4 6 26.3875
5 6 49.9302
6 6 29.3936
7 6 32.3908
8 6 -40.0377
9 6 14.4619
10 6 45.1593
11 6 -27.8992
12 6 -23.5422
13 6 26.5582
14 6 -62.8956
15 6 10.9617
16 6 63.3165
17 6 -52.0258
0 7 -24.6896
1 7 -89.0669
2 7 -6.40712
3 7 -68.8364
4 7 80.0927
5 7 14.2839
6 7 -13.0969
7 7 -42.2467
8 7 7.68104
9 7 -49.0735
10 7 43.9842
11 7 -16.1211
12 7 -32.0341
13 7 71.4992
14 7 -36.9229
15 7 -3.2689
16 7 -36.8833
17 7 22.9094
0 8 18.531
1 8 67.8546
2 8 18.7442
3 8 59.6051
4 8 116.636
5 8 31.5321
6 8 -16.5393
7 8 -36.3721
8 8 31.824
9 8 -40.2751
10 8 -2.2996
11 8 34.0638
12 8 -39.5034
13 8 -92.4871
14 8 -1.23613
15 8 -11.5575
16 8 35.5508
17 8 7.76473
0 9 84.1956
1 9 -26.2391
2 9 10.72
3 9 -37.5516
4 9 7.26941
5 9 -105.206
6 9 -44.939
7 9 5.63865
8 9 -6.09826
9 9 -14.9327
10 9 37.5801
11 9 33.5138
12 9 -8.41453
13 9 7.86385
14 9 -48.0269
15 9 68.4099
16 9 -1.52011
17 9 25.6656
0 10 -74.9914
1 10 5.89717
2 10 -25.9314
3 10 75.8
4 10 -29.1348
5 10 -1.529
6 10 -18.36
7 10 6.51755
8 10 -22.2393
9 10 -22.9802
10 10 6.18942
11 10 -1.7699
12 10 12.6505
13 10 -44.4242
14 10 -12.0448
15 10 -14.4565
16 10 -47.3898
17 10 135.929
0 11 -53.8025
1 11 -23.8769
2 11 -44.1552
3 11 -119.584
4 11 -52.7352
5 11 81.1696
6 11 18.339
7 11 -39.9118
8 11 63.7414
9 11 60.1693
10 11 -30.7427
11 11 14.6697
12 11 -38.587
13 11 0.587815
14 11 80.6257
15 11 37.6035
16 11 -70.8776
17 11 -24.2415
0 12 -27.121
1 12 18.9156
2 12 18.4332
3 12 14.4924
4 12 48.6929
5 12 -40.477
6 12 -12.4475
7 12 -53.5862
8 12 41.077
9 12 -79.228
10 12 71.7347
11 12 -2.53941
12 12 -24.4283
13 12 -24.2493
14 12 -22.4196
15 12 15.2589
16 12 -0.518415
17 12 23.8712
0 13 32.531
1 13 -18.7802
2 13 35.303
3 13 75.4037
4 13 62.3595
5 13 -55.8411
6 13 -56.1605
7 13 -1.14069
8 13 57.9136
9 13 -42.1624
10 13 -36.5741
11 13 37.7141
12 13 -9.74055
13 13 40.3605
14 13 -38.1815
15 13 9.06362
16 13 39.9442
17 13 -41.9876
0 14 54.8261
1 14 27.5783
2 14 -8.942
3 14 -23.1171
4 14 68.4129
5 14 -22.4203
6 14 -45.911
7 14 41.0299
8 14 -37.0544
9 14 51.5991
10 14 -31.0846
11 14 -24.7598
12 14 1.63582
13 14 -52.7011
14 14 -75.1088
15 14 40.0591
16 14 1.08907
17 14 -16.0375
0 15 -45.3259
1 15 -23.4045
2 15 -1.64411
3 15 -16.0992
4 15 41.7487
5 15 6.21208
6 15 109.369
7 15 39.2971
8 15 -7.59188
9 15 41.158
10 15 -55.8755
11 15 47.6953
12 15 4.25975
13 15 5.34541
14 15 -7.8698
15 15 49.3484
16 15 23.7072
17 15 -42.2137
0 16 11.3031
1 16 -34.0819
2 16 -40.313
3 16 38.9295
4 16 30.1934
5 16 -44.8387
6 16 -37.9837
7 16 -1.64022
8 16 -38.1948
9 16 59.8689
10 16 -3.43743
11 16 -35.171
12 16 44.9771
13 16 8.55467
14 16 30.239
15 16 -77.5006
16 16 20.5574
17 16 -81.4332
0 17 24.2628
1 17 -20.3811
2 17 -69.5639
3 17 20.3718
4 17 28.2278
5 17 5.92386
6 17 -85.9492
7 17 28.1567
8 17 -43.6457
9 17 51.1885
10 17 -67.3396
11 17 -33.2676
12 17 58.8241
13 17 19.2225
14 17 74.8224
15 17 -35.1374
16 17 -9.17234
17 17 54.5318
0 18 -5.32815
1 18 26.3653
2 18 -6.0947
3 18 -71.3135
4 18 -34.9193
5 18 -68.9295
6 18 -15.644
7 18 -75.7694
8 18 19.8058
9 18 61.5145
10 18 -85.8048
11 18 -67.1481
12 18 70.2954
13 18 20.3722
14 18 36.8166
15 18 2.01079
16 18 35.4266
17 18 85.0584
0 19 -68.427
1 19 -21.0696
2 19 -35.3961
3 19 31.6488
4 19 -35.5104
5 19 16.4147
6 19 -13.9323
7 19 -31.9936
8 19 38.525
9 19 72.315
10 19 25.8196
11 19 32.6486
12 19 16.4807
13 19 -35.3116
14 19 4.65018
15 19 -52.4256
16 19 15.1337
17 19 -60.4793
0 20 -14.8117
1 20 9.04311
2 20 122.508
3 20 13.0076
4 20 -8.08388
5 20 77.6607
6 20 -22.5842
7 20 11.0967
8 20 47.6389
9 20 23.1027
10 20 42.6835
11 20 13.3473
12 20 -48.4406
13 20 64.9199
14 20 -20.6886
15 20 36.8072
16 20 6.49196
17 20 -31.1456
0 21 91.5706
1 21 -67.2605
2 21 12.5454
3 21 46.6702
4 21 -31.673
5 21 23.4887
6 21 -21.8813
7 21 -48.7002
8 21 50.3971
9 21 -89.3805
10 21 3.66259
11 21 7.15357
12 21 -79.7514
13 21 3.39476
14 21 8.37432
15 21 -4.0934
16 21 77.4798
17 21 -28.1744
0 22 -44.6861
1 22 -69.2158
2 22 -14.7485
3 22 12.4029
4 22 29.1926
5 22 -93.7276
6 22 -13.0796
7 22 13.3123
8 22 -28.3867
9 22 31.6126
10 22 10.9729
11 22 118.927
12 22 -18.8438
13 22 56.1154
14 22 -37.6836
15 22 -18.6138
16 22 -15.9343
17 22 60.5564
0 23 24.224
1 23 7.38514
2 23 -20.699
3 23 -7.89979
4 23 113.581
5 23 -0.213302
6 23 47.3685
7 23 14.0417
8 23 12.09
9 23 -40.4309
10 23 82.1013
11 23 -16.9021
12 23 7.64995
13 23 54.6974
14 23 -1.1632
15 23 -77.5636
16 23 -15.6886
17 23 18.461
0 24 -43.2706
1 24 -30.4552
2 24 -52.5775
3 24 30.2267
4 24 46.6318
5 24 10.2216
6 24 80.8822
7 24 22.5256
8 24 13.9343
9 24 110.955
10 24 15.4291
11 24 -44.9915
12 24 10.6768
13 24 -0.38555
14 24 16.6155
15 24 6.01851
16 24 15.2333
17 24 121.103
0 25 41.2448
1 25 37.2393
2 25 1.34803
3 25 1.60716
4 25 31.6132
5 25 -44.7513
6 25 -79.5354
7 25 -24.736
8 25 38.2538
9 25 -79.1436
10 25 -4.50687
11 25 41.7616
12 25 9.00494
13 25 -21.5209
14 25 -2.17298
15 25 33.2244
16 25 8.32666
17 25 -99.1073
0 26 -64.5252
1 26 83.2599
2 26 -8.77711
3 26 -16.9576
4 26 55.9147
5 26 -15.5023
6 26 -67.9321
7 26 -30.005
8 26 -17.0626
9 26 -84.6757
10 26 10.1717
11 26 15.8308
12 26 -36.5046
13 26 6.75727
14 26 -27.2055
15 26 59.2358
16 26 -27.9333
17 26 21.688
0 27 20.7258
1 27 73.7353
2 27 32.2964
3 27 5.96947
4 27 10.5548
5 27 33.0692
6 27 3.96931
7 27 8.60499
8 27 56.2742
9 27 23.9985
10 27 -12.3083
11 27 -24.7205
12 27 29.1044
13 27 -1.79359
14 27 9.4588
15 27 14.1585
16 27 -50.9144
17 27 -23.4839
0 28 38.2151
1 28 24.4816
2 28 -14.9192
3 28 -55.913
4 28 92.7491
5 28 -0.262849
6 28 22.3709
7 28 -83.1455
8 28 79.0692
9 28 48.8931
10 28 -77.4343
11 28 15.6905
12 28 -6.23582
13 28 -26.079
14 28 -20.4588
15 28 55.0256
16 28 34.5933
17 28 1.24092
0 29 -31.9265
1 29 -50.0953
2 29 -61.6957
3 29 75.3255
4 29 -14.8214
5 29 32.215
6 29 39.9347
7 29 66.7213
8 29 19.068
9 29 68.7035
10 29 -43.3104
11 29 -49.9812
12 29 17.7744
13 29 -68.3281
14 29 10.7503
15 29 31.7601
16 29 -37.747
17 29 -39.7399
0 30 -18.9985
1 30 -12.5525
2 30 33.0738
3 30 44.1952
4 30 -3.68253
5 30 36.721
6 30 19.6057
7 30 -48.9665
8 30 -32.3552
9 30 50.0957
10 30 39.8345
11 30 -68.4105
12 30 -59.1019
13 30 -12.5401
14 30 -23.939
15 30 -18.1708
16 30 -17.5393
17 30 -1.3784
0 31 -42.8669
1 31 -88.4753
2 31 48.4627
3 31 16.3269
4 31 44.3932
5 31 -35.297
6 31 103.746
7 31 55.2263
8 31 -57.8337
9 31 22.6858
10 31 -1.28422
11 31 -24.8782
12 31 18.329
13 31 -2.79626
14 31 -84.3755
15 31 -0.919791
16 31 4.28601
17 31 5.01527
0 32 -40.5397
1 32 -5.73699
2 32 -27.0608
3 32 -32.7728
4 32 1.66322
5 32 -57.936
6 32 39.3149
7 32 -11.8215
8 32 45.6045
9 32 -10.5484
10 32 32.34
11 32 61.844
12 32 19.6071
13 32 3.29452
14 32 -33.0355
15 32 23.4089
16 32 -98.8856
17 32 -20.8357
0 33 34.2513
1 33 -49.54
2 33 -24.9945
3 33 -3.51324
4 33 -4.21815
5 33 -53.9869
6 33 -16.2831
7 33 19.3832
8 33 32.5565
9 33 23.667
10 33 -27.47
11 33 1.05843
12 33 -13.0123
13 33 37.3309
14 33 11.0168
15 33 47.4436
16 33 80.2872
17 33 11.9796
0 34 -1.10683
1 34 -54.0728
2 34 27.9031
3 34 3.77268
4 34 -0.44535
5 34 34.9105
6 34 81.1851
7 34 56.9396
8 34 -8.0047
9 34 3.42931
10 34 -35.4624
11 34 5.10378
12 34 33.6604
13 34 -35.1556
14 34 7.87187
15 34 -110.139
16 34 -46.6789
17 34 24.3735
0 35 8.0885
1 35 17.2298
2 35 4.55852
3 35 19.7592
4 35 24.4081
5 35 -59.3908
6 35 -2.60552
7 35 -38.6936
8 35 5.54701
9 35 -19.2795
10 35 69.6222
11 35 31.1209
12 35 -38.3118
13 35 -42.9615
14 35 8.21633
15 35 13.0461
16 35 48.5343
17 35 -6.62322
108 112 -8.76835
108 113 -89.4739
108 114 22.3962
108 115 23.4111
109 112 -5.38047
109 113 58.7486
109 114 13.5987
109 115 32.426
110 112 2.45718
110 113 -58.2618
110 114 72.5303
110 115 18.6205
111 112 74.6511
111 113 17.3985
111 114 37.6949
111 115 -7.25438
0 108 72.8171
1 108 35.4005
2 108 -37.602
3 108 91.5124
4 108 34.9463
5 108 -49.4371
6 108 -31.549
7 108 -21.0582
8 108 7.88795
9 108 -65.9653
10 108 93.8061
11 108 -117.981
12 108 22.6441
13 108 -34.9898
14 108 -27.8275
15 108 42.7564
16 108 -3.95627
17 108 54.2267
0 109 39.1555
1 109 2.46695
2 109 -69.3115
3 109 -5.06465
4 109 36.309
5 109 0.202034
6 109 -82.8859
7 109 -16.961
8 109 40.8466
9 109 15.5866
10 109 54.7204
11 109 -28.7005
12 109 -75.1093
13 109 88.2852
14 109 30.5284
15 109 16.9716
16 109 44.3447
17 109 91.1309
0 110 -40.1763
1 110 -33.672
2 110 -50.3745
3 110 2.58073
4 110 40.1594
5 110 -20.4495
6 110 -37.4817
7 110 -19.5464
8 110 -78.0423
9 110 19.8634
10 110 4.18482
11 110 -16.7426
12 110 43.4231
13 110 -75.0156
14 110 -21.0967
15 110 7.43387
16 110 11.8197
17 110 -53.8362
0 111 52.949
1 111 -26.7183
2 111 -17.8278
3 111 -92.4676
4 111 61.7239
5 111 75.3074
6 111 -16.6529
7 111 -29.0235
8 111 -1.38638
9 111 12.0751
10 111 1.84015
11 111 6.55059
12 111 47.0283
13 111 -86.161
14 111 -24.9355
15 111 -90.7311
16 111 -32.625
17 111 -19.618
