soma 116
SIGMOID
SIGMOID
SIGMOID
SIGMOID
SIGMOID
SIGMOID
SIGMOID
SIGMOID
SIGMOID
SIGMOID
SIGMOID
SIGMOID
SIGMOID
SIGMOID
SIGMOID
SIGMOID
SIGMOID
SIGMOID
SIGMOID
SIGMOID
SIGMOID
SIGMOID
SIGMOID
SIGMOID
SIGMOID
SIGMOID
SIGMOID
SIGMOID
SIGMOID
SIGMOID
SIGMOID
SIGMOID
SIGMOID
SIGMOID
SIGMOID
SIGMOID
SIGMOID
SIGMOID
SIGMOID
SIGMOID
SIGMOID
SIGMOID
SIGMOID
SIGMOID
SIGMOID
SIGMOID
SIGMOID
SIGMOID
SIGMOID
SIGMOID
SIGMOID
SIGMOID
SIGMOID
SIGMOID
SIGMOID
SIGMOID
SIGMOID
SIGMOID
SIGMOID
SIGMOID
SIGMOID
SIGMOID
SIGMOID
SIGMOID
SIGMOID
SIGMOID
SIGMOID
SIGMOID
SIGMOID
SIGMOID
SIGMOID
SIGMOID
SIGMOID
SIGMOID
SIGMOID
SIGMOID
SIGMOID
SIGMOID
SIGMOID
SIGMOID
SIGMOID
SIGMOID
SIGMOID
SIGMOID
SIGMOID
SIGMOID
SIGMOID
SIGMOID
SIGMOID
SIGMOID
SIGMOID
SIGMOID
SIGMOID
SIGMOID
SIGMOID
SIGMOID
SIGMOID
SIGMOID
SIGMOID
SIGMOID
SIGMOID
SIGMOID
SIGMOID
SIGMOID
SIGMOID
SIGMOID
SIGMOID
SIGMOID
SIGMOID
SIGMOID
SIGMOID
SIGMOID
GAUSSIAN
GAUSSIAN
GAUSSIAN
18 0 1 2 3 4 5 6 7 8 9 10 11 12 13 14 15 16 17
# input_soma output_soma weight
synapse 3328
0 36 -146.002
0 37 41.7517
0 38 -5.73162
0 39 -59.9642
0 40 87.4024
0 41 -79.3736
0 42 -29.854
0 43 -96.0842
0 44 -33.9768
0 45 -71.4895
0 46 68.5214
0 47 -43.3158
0 48 -56.1346
0 49 -100.993
0 50 -129.721
0 51 71.7674
0 52 -96.0943
0 53 4.29938
0 54 23.787
0 55 159.686
0 56 -85.9959
0 57 -16.595
0 58 -9.98282
0 59 3.70962
0 60 -8.78647
0 61 -53.6292
0 62 170.101
0 63 26.9549
0 64 -119.209
0 65 -51.9817
0 66 22.199
0 67 14.7985
0 68 22.4562
0 69 -71.181
0 70 89.7539
0 71 32.7829
1 36 -5.84485
1 37 -67.3444
1 38 34.0408
1 39 24.6589
1 40 76.0106
1 41 72.7128
1 42 11.2488
1 43 -67.4964
1 44 28.6925
1 45 -88.8214
1 46 -56.1352
1 47 43.8831
1 48 -28.0847
1 49 -68.3279
1 50 4.91325
1 51 -7.44957
1 52 -3.94794
1 53 15.5064
1 54 -54.3241
1 55 -18.1262
1 56 -7.98453
1 57 45.8081
1 58 -2.17593
1 59 44.7231
1 60 -46.4384
1 61 -30.485
1 62 68.0094
1 63 45.4223
1 64 67.4802
1 65 18.9105
1 66 -32.0554
1 67 -56.9
1 68 50.074
1 69 45.0728
1 70 31.9666
1 71 -27.4765
2 36 21.4949
2 37 75.4619
2 38 45.8408
2 39 12.2315
2 40 46.1181
2 41 4.87616
2 42 -44.6222
2 43 28.859
2 44 -182.892
2 45 -106.92
2 46 76.3334
2 47 103.734
2 48 65.1232
2 49 29.754
2 50 144.519
2 51 65.7982
2 52 -72.1918
2 53 -52.1582
2 54 -8.44406
2 55 31.1061
2 56 -77.1751
2 57 -162.62
2 58 -31.8658
2 59 29.3192
2 60 -89.21
2 61 91.0625
2 62 -26.6733
2 63 -27.6356
2 64 -38.2293
2 65 -34.5692
2 66 15.4641
2 67 63.5676
2 68 42.9495
2 69 -64.6803
2 70 38.2879
2 71 -13.7905
3 36 41.8444
3 37 -33.2667
3 38 17.3853
3 39 10.2413
3 40 30.6352
3 41 -60.4122
3 42 -41.0413
3 43 27.1222
3 44 28.3721
3 45 -12.4848
3 46 64.4512
3 47 -50.4894
3 48 59.9671
3 49 17.6598
3 50 -13.6037
3 51 -14.4041
3 52 111.011
3 53 86.9123
3 54 -13.3799
3 55 1.0776
3 56 28.7638
3 57 136.421
3 58 6.93303
3 59 14.7844
3 60 -87.6024
3 61 99.1198
3 62 31.1055
3 63 64.8953
3 64 -80.1578
3 65 90.6221
3 66 31.736
3 67 -31.3632
3 68 30.2806
3 69 -2.35549
3 70 -132.851
3 71 -43.6158
4 36 -26.6637
4 37 0.684531
4 38 74.2058
4 39 -38.8904
4 40 35.9434
4 41 169.95
4 42 -24.922
4 43 15.3327
4 44 9.31309
4 45 47.789
4 46 -48.8643
4 47 -23.1612
4 48 -116.173
4 49 -55.4336
4 50 -34.1978
4 51 53.3302
4 52 93.7352
4 53 114.569
4 54 94.1509
4 55 6.3
4 56 68.849
4 57 -47.5016
4 58 14.3504
4 59 75.7552
4 60 49.8597
4 61 114.148
4 62 -54.0162
4 63 54.4251
4 64 -44.5055
4 65 -44.0008
4 66 -72.3989
4 67 97.7472
4 68 -29.7635
4 69 21.9748
4 70 10.9416
4 71 -19.2182
5 36 75.1553
5 37 -25.3825
5 38 109.025
5 39 -18.4025
5 40 -125.591
5 41 -27.4523
5 42 -9.75654
5 43 -116.869
5 44 -77.2625
5 45 -8.24758
5 46 -15.2779
5 47 -82.1948
5 48 25.1174
5 49 -31.9513
5 50 60.6123
5 51 -32.5988
5 52 -44.341
5 53 109.541
5 54 -18.9816
5 55 -79.2405
5 56 1.87886
5 57 -78.8642
5 58 85.0521
5 59 31.9743
5 60 -45.4252
5 61 -72.2311
5 62 -82.992
5 63 -22.5443
5 64 -70.513
5 65 -20.0879
5 66 -73.7428
5 67 -51.3966
5 68 -87.4911
5 69 -60.7113
5 70 166.778
5 71 -108.826
6 36 -36.9883
6 37 35.2631
6 38 -44.1638
6 39 -101.334
6 40 100.723
6 41 -37.3326
6 42 -55.7529
6 43 92.6697
6 44 -5.47045
6 45 -10.4389
6 46 -56.2311
6 47 -97.1587
6 48 114.631
6 49 -0.733642
6 50 52.6749
6 51 67.284
6 52 -17.687
6 53 14.628
6 54 -6.64462
6 55 -3.40695
6 56 -66.5546
6 57 -9.98863
6 58 22.5111
6 59 65.025
6 60 77.6027
6 61 -5.42304
6 62 73.0193
6 63 68.6014
6 64 39.0594
6 65 -76.8673
6 66 -98.0282
6 67 22.3505
6 68 35.0574
6 69 -14.9576
6 70 47.9732
6 71 27.1176
7 36 62.6528
7 37 86.471
7 38 -28.682
7 39 51.4401
7 40 -103.893
7 41 -79.6744
7 42 3.79905
7 43 -9.70444
7 44 -8.78218
7 45 106.996
7 46 48.9882
7 47 -0.865836
7 48 -11.6987
7 49 11.2947
7 50 179.506
7 51 35.7988
7 52 18.7248
7 53 20.4675
7 54 -11.0633
7 55 7.11924
7 56 -65.3257
7 57 -22.8517
7 58 -16.261
7 59 21.8359
7 60 206.271
7 61 -0.0113052
7 62 55.0814
7 63 -91.8995
7 64 -40.7111
7 65 -90.2604
7 66 -52.6196
7 67 -37.0398
7 68 62.6458
7 69 52.6847
7 70 18.5173
7 71 -65.6791
8 36 86.5697
8 37 71.1303
8 38 13.7181
8 39 -83.1929
8 40 24.1573
8 41 78.9405
8 42 -50.0562
8 43 -7.6395
8 44 61.0045
8 45 145.43
8 46 48.2476
8 47 13.4179
8 48 -6.61237
8 49 5.21435
8 50 -17.7036
8 51 1.27622
8 52 -43.4407
8 53 -46.0379
8 54 127.722
8 55 -94.1186
8 56 -40.1583
8 57 -67.0486
8 58 11.2962
8 59 7.70371
8 60 155.974
8 61 76.9189
8 62 35.4574
8 63 56.1497
8 64 70.3379
8 65 -52.4905
8 66 -38.2801
8 67 76.2975
8 68 33.063
8 69 -10.5205
8 70 44.7914
8 71 -8.0863
9 36 -75.7954
9 37 76.3235
9 38 172.138
9 39 74.4159
9 40 -89.2066
9 41 24.9837
9 42 70.1165
9 43 -3.89958
9 44 -41.904
9 45 -57.35
9 46 -45.5324
9 47 -81.616
9 48 57.2559
9 49 -100.842
9 50 46.1187
9 51 5.15731
9 52 69.1706
9 53 -83.6688
9 54 85.5586
9 55 -31.6718
9 56 0.160904
9 57 26.0889
9 58 36.795
9 59 53.177
9 60 -150.244
9 61 63.7921
9 62 -9.65545
9 63 -120.122
9 64 37.2813
9 65 -10.9904
9 66 143.936
9 67 -76.8694
9 68 -130.602
9 69 66.7021
9 70 -23.6155
9 71 70.0696
10 36 -70.5
10 37 -22.3947
10 38 16.1785
10 39 -15.9481
10 40 20.2469
10 41 36.9178
10 42 115.245
10 43 88.5968
10 44 52.4057
10 45 14.6323
10 46 -8.10137
10 47 -18.6115
10 48 -106.996
10 49 14.322
10 50 57.0881
10 51 -11.5551
10 52 -32.3938
10 53 80.451
10 54 -3.72911
10 55 -6.09589
10 56 3.74089
10 57 -4.78475
10 58 86.3215
10 59 -16.5957
10 60 -66.2825
10 61 -123.272
10 62 -140.882
10 63 -76.0581
10 64 -43.9721
10 65 12.4236
10 66 106.502
10 67 82.7299
10 68 3.41283
10 69 65.4066
10 70 -209.494
10 71 26.0342
11 36 36.3351
11 37 -12.9602
11 38 -92.0007
11 39 -51.194
11 40 -70.024
11 41 -87.4571
11 42 -82.0018
11 43 -131.774
11 44 92.0475
11 45 4.9654
11 46 90.7442
11 47 69.0065
11 48 -73.7934
11 49 50.9004
11 50 8.58947
11 51 -77.3751
11 52 -24.7613
11 53 23.054
11 54 -51.0683
11 55 -21.7261
11 56 49.2842
11 57 -48.7246
11 58 -117.138
11 59 -86.2586
11 60 23.0779
11 61 28.669
11 62 -14.7412
11 63 -9.42792
11 64 -5.58947
11 65 17.8042
11 66 51.3436
11 67 2.11527
11 68 54.1195
11 69 -31.036
11 70 -63.7397
11 71 -48.0592
12 36 110.849
12 37 124.529
12 38 137.174
12 39 -29.0037
12 40 -88.0536
12 41 -10.4707
12 42 90.3737
12 43 -92.4662
12 44 -51.3593
12 45 60.7447
12 46 -59.6749
12 47 42.7131
12 48 -19.6917
12 49 -41.5154
12 50 -36.5853
12 51 -33.429
12 52 119.144
12 53 -11.2502
12 54 70.7767
12 55 -48.1987
12 56 -8.03639
12 57 56.4468
12 58 -42.2452
12 59 2.05243
12 60 35.4935
12 61 -51.359
12 62 90.5869
12 63 59.9764
12 64 44.4363
12 65 -55.3618
12 66 37.7982
12 67 -2.8055
12 68 -125.245
12 69 -2.99308
12 70 146.844
12 71 -73.6496
13 36 31.8411
13 37 36.1806
13 38 -63.5347
13 39 -31.0117
13 40 11.833
13 41 85.6641
13 42 52.9584
13 43 -29.6329
13 44 41.8625
13 45 49.4999
13 46 -11.7633
13 47 -70.4561
13 48 -6.68416
13 49 -57.2426
13 50 54.5147
13 51 111.563
13 52 -22.3477
13 53 -28.4276
13 54 10.5802
13 55 0.900186
13 56 -49.0395
13 57 -0.0917229
13 58 35.1106
13 59 35.4482
13 60 -70.8658
13 61 27.6195
13 62 -75.4953
13 63 8.69202
13 64 -31.2648
13 65 -10.0366
13 66 81.504
13 67 -9.79643
13 68 33.8387
13 69 8.75739
13 70 63.1081
13 71 -22.7994
14 36 -20.0547
14 37 156.519
14 38 85.9314
14 39 -108.281
14 40 -108.92
14 41 -73.7588
14 42 -1.26187
14 43 -17.4304
14 44 10.9776
14 45 -31.086
14 46 -32.1486
14 47 140.869
14 48 19.7664
14 49 -5.47621
14 50 -20.4138
14 51 -89.8705
14 52 28.0239
14 53 94.006
14 54 28.5989
14 55 71.0941
14 56 58.8072
14 57 26.576
14 58 -0.722583
14 59 28.877
14 60 95.1106
14 61 86.5153
14 62 128.522
14 63 -10.6349
14 64 26.5752
14 65 157.564
14 66 -13.1899
14 67 60.8887
14 68 -35.3046
14 69 -66.762
14 70 -53.0902
14 71 -73.2583
15 36 64.7731
15 37 -89.9402
15 38 49.1178
15 39 -48.2565
15 40 143.903
15 41 -30.7762
15 42 -11.7688
15 43 38.4585
15 44 -0.381517
15 45 -69.0172
15 46 -18.3232
15 47 22.2451
15 48 12.8449
15 49 -3.91792
15 50 -20.4479
15 51 -34.2792
15 52 36.0052
15 53 -28.3021
15 54 62.5282
15 55 39.5906
15 56 -5.49361
15 57 25.6576
15 58 -54.0822
15 59 -127.489
15 60 11.5023
15 61 -63.3882
15 62 43.6334
15 63 27.4265
15 64 -173.27
15 65 39.9231
15 66 1.48733
15 67 -17.0773
15 68 -5.21203
15 69 -22.9216
15 70 64.748
15 71 -143.707
16 36 51.2732
16 37 -29.3452
16 38 -39.5708
16 39 -30.0017
16 40 -10.2912
16 41 -75.6482
16 42 -48.2657
16 43 -46.1925
16 44 33.5942
16 45 -20.6494
16 46 -15.7977
16 47 98.0426
16 48 -97.6144
16 49 1.10718
16 50 15.6413
16 51 1.09867
16 52 -58.4421
16 53 -36.7747
16 54 10.7241
16 55 -111.3
16 56 60.4892
16 57 -42.9476
16 58 45.5478
16 59 -99.7637
16 60 7.11672
16 61 14.4744
16 62 37.2338
16 63 -111.345
16 64 130.303
16 65 -104.1
16 66 -0.205428
16 67 67.2237
16 68 -128.795
16 69 63.7267
16 70 10.6227
16 71 35.1759
17 36 -41.8428
17 37 -24.0597
17 38 -8.03192
17 39 -51.8431
17 40 142.997
17 41 -8.6108
17 42 0.631979
17 43 -64.067
17 44 4.82606
17 45 29.4964
17 46 -56.9658
17 47 7.81611
17 48 56.9218
17 49 37.3578
17 50 96.5756
17 51 29.5329
17 52 39.168
17 53 39.8971
17 54 41.1162
17 55 -18.4752
17 56 43.7631
17 57 1.3582
17 58 37.7174
17 59 -75.2314
17 60 65.9529
17 61 -7.87413
17 62 -24.7398
17 63 33.7117
17 64 -119.269
17 65 70.3038
17 66 70.1286
17 67 67.8413
17 68 45.9354
17 69 34.467
17 70 -5.82217
17 71 -107.629
18 36 -65.9141
18 37 40.261
18 38 172.13
18 39 -11.4897
18 40 -60.4798
18 41 -10.859
18 42 -59.869
18 43 -12.6333
18 44 21.8681
18 45 -60.729
18 46 -41.2242
18 47 -5.83015
18 48 -32.2766
18 49 -94.1486
18 50 -44.9911
18 51 2.73715
18 52 17.4387
18 53 51.2784
18 54 52.3147
18 55 39.3195
18 56 -2.76585
18 57 -25.3962
18 58 -151.398
18 59 18.1233
18 60 19.4451
18 61 138.164
18 62 -127.736
18 63 5.40758
18 64 73.7645
18 65 103.789
18 66 15.9109
18 67 -41.2855
18 68 -15.5432
18 69 -18.2425
18 70 -11.8495
18 71 -68.716
19 36 -58.8297
19 37 -74.1198
19 38 119.093
19 39 85.0843
19 40 -35.2995
19 41 -91.119
19 42 54.2244
19 43 -41.5331
19 44 -6.53592
19 45 73.1531
19 46 -25.1101
19 47 81.7429
19 48 -7.62938
19 49 -20.1415
19 50 71.5368
19 51 44.3397
19 52 -36.8822
19 53 36.8713
19 54 28.6113
19 55 -11.6602
19 56 -75.7724
19 57 59.4966
19 58 58.0954
19 59 4.02011
19 60 27.0991
19 61 -12.2926
19 62 49.6534
19 63 89.9156
19 64 -111.131
19 65 -5.26226
19 66 -23.8222
19 67 -0.808073
19 68 -46.3905
19 69 -30.4589
19 70 -97.177
19 71 -90.857
20 36 -81.0976
20 37 38.6534
20 38 91.8731
20 39 -10.3573
20 40 1.18761
20 41 23.7399
20 42 -28.7555
20 43 14.356
20 44 -56.4839
20 45 -103.97
20 46 -65.4394
20 47 17.1911
20 48 -3.89784
20 49 -27.7761
20 50 -2.59437
20 51 -118.526
20 52 -14.8676
20 53 10.285
20 54 -59.1862
20 55 13.237
20 56 -65.2631
20 57 101.636
20 58 2.94637
20 59 -35.3268
20 60 23.5562
20 61 -46.4547
20 62 6.91371
20 63 -48.2834
20 64 70.5323
20 65 -5.82676
20 66 139.273
20 67 138.802
20 68 115.236
20 69 -110.128
20 70 4.19867
20 71 62.2164
21 36 -56.7231
21 37 24.475
21 38 86.4018
21 39 -53.5992
21 40 56.9077
21 41 -36.1554
21 42 66.4539
21 43 -41.871
21 44 59.5419
21 45 12.5057
21 46 -34.5753
21 47 -49.3663
21 48 -115.378
21 49 -22.9578
21 50 -126.095
21 51 25.3576
21 52 -20.0515
21 53 -64.0519
21 54 114.128
21 55 -70.2888
21 56 60.452
21 57 -12.0764
21 58 -123.732
21 59 60.7263
21 60 72.789
21 61 -73.5829
21 62 -35.6674
21 63 6.32561
21 64 -56.4889
21 65 -90.4509
21 66 -104.074
21 67 -25.3194
21 68 40.9997
21 69 -33.327
21 70 28.8018
21 71 34.0678
22 36 -6.22117
22 37 -33.9756
22 38 169.181
22 39 100.968
22 40 34.3031
22 41 -44.8701
22 42 11.751
22 43 -22.8398
22 44 -31.4063
22 45 59.9079
22 46 127.108
22 47 -132.527
22 48 101.932
22 49 102.699
22 50 110.909
22 51 74.0918
22 52 87.6497
22 53 128.544
22 54 -65.6728
22 55 -124.819
22 56 104.079
22 57 -96.5472
22 58 -59.9162
22 59 -76.3207
22 60 -59.4539
22 61 -33.7037
22 62 85.8674
22 63 -63.4718
22 64 73.5768
22 65 9.55966
22 66 59.9635
22 67 6.40619
22 68 -73.6531
22 69 30.7666
22 70 -83.6283
22 71 33.29
23 36 -30.3134
23 37 -64.9819
23 38 82.0433
23 39 -22.0349
23 40 -65.3224
23 41 -71.3577
23 42 -21.9877
23 43 -74.3139
23 44 -117.405
23 45 148.78
23 46 -40.6592
23 47 111.57
23 48 -11.7491
23 49 -17.2442
23 50 -19.8468
23 51 -149.455
23 52 -127.806
23 53 -75.01
23 54 43.8697
23 55 52.2696
23 56 1.60988
23 57 64.7397
23 58 -20.047
23 59 105.177
23 60 18.8662
23 61 -41.501
23 62 65.7596
23 63 34.9213
23 64 59.2848
23 65 0.519976
23 66 -109.155
23 67 -65.4449
23 68 23.5014
23 69 6.14806
23 70 -31.3402
23 71 -61.8467
24 36 -97.3625
24 37 20.9227
24 38 -51.5371
24 39 36.0743
24 40 -104.335
24 41 109.64
24 42 -66.4377
24 43 -125.752
24 44 -47.2834
24 45 -17.476
24 46 -14.8384
24 47 164.969
24 48 112.738
24 49 -11.8717
24 50 57.3622
24 51 -55.4677
24 52 -139.494
24 53 26.091
24 54 -13.698
24 55 -100.485
24 56 -23.847
24 57 51.9284
24 58 -7.96564
24 59 -22.1447
24 60 -56.1191
24 61 -44.5504
24 62 42.3787
24 63 142.687
24 64 -66.4135
24 65 -45.5545
24 66 48.4112
24 67 54.6036
24 68 -102.938
24 69 50.7699
24 70 -80.186
24 71 -1.91537
25 36 47.8804
25 37 39.1788
25 38 117.857
25 39 105.39
25 40 98.5828
25 41 72.2769
25 42 16.7881
25 43 -15.6657
25 44 -18.2744
25 45 -41.0648
25 46 60.8446
25 47 89.1671
25 48 93.8772
25 49 86.1048
25 50 43.374
25 51 75.5682
25 52 19.4161
25 53 -161.906
25 54 25.5203
25 55 -2.051
25 56 24.7186
25 57 81.5559
25 58 -66.3559
25 59 -56.7321
25 60 -29.0645
25 61 -105.372
25 62 56.2532
25 63 97.6567
25 64 20.8226
25 65 82.1815
25 66 -93.4403
25 67 42.9763
25 68 48.4303
25 69 42.3224
25 70 80.8736
25 71 -145.439
26 36 -43.3321
26 37 43.9781
26 38 -1.11541
26 39 -9.13622
26 40 -61.9712
26 41 -101.253
26 42 84.1099
26 43 -26.1314
26 44 -32.8041
26 45 17.0969
26 46 -24.5416
26 47 -55.2587
26 48 70.0018
26 49 17.2688
26 50 22.0726
26 51 35.7877
26 52 -102.923
26 53 -37.9427
26 54 -117.809
26 55 168.197
26 56 25.2497
26 57 64.0864
26 58 57.0407
26 59 -31.0794
26 60 -13.2171
26 61 -30.2037
26 62 1.68888
26 63 -0.310486
26 64 -8.76329
26 65 -69.9611
26 66 -30.7517
26 67 33.345
26 68 56.3139
26 69 -3.09521
26 70 -12.2928
26 71 16.8606
27 36 73.3313
27 37 25.6028
27 38 -32.2502
27 39 -97.6023
27 40 -127.767
27 41 -36.4468
27 42 -51.4686
27 43 105.213
27 44 -73.5159
27 45 -63.4397
27 46 -1.28967
27 47 -14.4228
27 48 8.81209
27 49 -43.7148
27 50 -78.2712
27 51 70.7942
27 52 84.0381
27 53 -15.855
27 54 25.3394
27 55 78.4993
27 56 -175.129
27 57 -14.8007
27 58 123.519
27 59 -79.3174
27 60 15.7631
27 61 70.0228
27 62 92.8675
27 63 127.829
27 64 132.265
27 65 97.4923
27 66 -32.5984
27 67 -46.1903
27 68 12.6715
27 69 136.22
27 70 63.6401
27 71 -40.6039
28 36 55.1132
28 37 17.022
28 38 45.7647
28 39 -6.60224
28 40 -104.187
28 41 -13.2841
28 42 -57.9069
28 43 64.3865
28 44 63.9225
28 45 -44.6546
28 46 -25.077
28 47 -83.1488
28 48 35.8432
28 49 -69.7708
28 50 -26.5024
28 51 -53.8664
28 52 -12.7283
28 53 -8.85137
28 54 -33.0166
28 55 70.0592
28 56 107.425
28 57 11.8494
28 58 80.2788
28 59 -24.6974
28 60 127.256
28 61 -189.126
28 62 -75.3264
28 63 57.7826
28 64 -44.818
28 65 6.24391
28 66 -16.5456
28 67 30.7516
28 68 29.2843
28 69 -40.0243
28 70 -88.3515
28 71 55.5127
29 36 -12.6584
29 37 -90.0306
29 38 19.7668
29 39 36.8585
29 40 5.43968
29 41 21.7181
29 42 -39.0786
29 43 -52.9542
29 44 -39.0809
29 45 -42.9263
29 46 23.8127
29 47 109.633
29 48 48.3987
29 49 49.7749
29 50 -39.2085
29 51 43.9933
29 52 -16.8947
29 53 -25.0493
29 54 138.395
29 55 -84.5067
29 56 -108.493
29 57 23.7589
29 58 -24.3825
29 59 67.656
29 60 -125.148
29 61 -13.5973
29 62 24.9552
29 63 -25.4913
29 64 41.2077
29 65 -14.0009
29 66 -15.1541
29 67 74.5767
29 68 26.0934
29 69 29.047
29 70 -118.305
29 71 -156.319
30 36 23.0939
30 37 88.4691
30 38 -73.1862
30 39 71.7451
30 40 -10.6838
30 41 -18.2227
30 42 4.13171
30 43 -79.4014
30 44 -114.375
30 45 59.6064
30 46 67.0292
30 47 15.4545
30 48 -81.5355
30 49 -21.6112
30 50 56.9505
30 51 -125.18
30 52 -86.7722
30 53 -53.8432
30 54 102.563
30 55 -89.0611
30 56 -61.2769
30 57 -11.1898
30 58 73.1372
30 59 -61.9458
30 60 8.18669
30 61 -117.596
30 62 -68.6339
30 63 -63.8434
30 64 -27.7929
30 65 -45.0189
30 66 16.9964
30 67 23.2999
30 68 72.1628
30 69 3.69571
30 70 -45.2768
30 71 13.6023
31 36 -61.9798
31 37 42.1413
31 38 29.9533
31 39 43.0381
31 40 -47.8037
31 41 -61.9506
31 42 -19.3114
31 43 109.082
31 44 -72.9974
31 45 100.449
31 46 33.948
31 47 23.0116
31 48 8.55326
31 49 -35.0127
31 50 91.3834
31 51 -21.8823
31 52 -100.723
31 53 -6.38463
31 54 -53.5318
31 55 14.2187
31 56 31.0798
31 57 115.764
31 58 -4.36368
31 59 -62.5484
31 60 27.4105
31 61 -39.5274
31 62 -26.561
31 63 -1.20169
31 64 22.7799
31 65 -128.975
31 66 -2.81759
31 67 0.982569
31 68 104.921
31 69 4.02852
31 70 -64.9573
31 71 -76.1852
32 36 -86.4987
32 37 62.1557
32 38 115.269
32 39 129.752
32 40 -80.1783
32 41 88.539
32 42 -36.3401
32 43 -35.1901
32 44 94.746
32 45 54.5143
32 46 -115.082
32 47 14.8836
32 48 -57.8305
32 49 70.5741
32 50 -55.9174
32 51 20.5276
32 52 -80.9475
32 53 -27.4655
32 54 -45.0507
32 55 -7.16412
32 56 71.1854
32 57 124.247
32 58 -67.8767
32 59 21.0417
32 60 19.9797
32 61 80.4833
32 62 -28.7568
32 63 125.951
32 64 -47.295
32 65 50.9447
32 66 92.557
32 67 -39.1375
32 68 16.5411
32 69 93.5524
32 70 -91.8973
32 71 110.058
33 36 16.1136
33 37 41.1152
33 38 23.5077
33 39 58.3396
33 40 -50.5513
33 41 -112.084
33 42 24.5046
33 43 83.3213
33 44 -22.5385
33 45 -98.7675
33 46 -1.39717
33 47 -166.755
33 48 -98.113
33 49 6.35487
33 50 -7.9389
33 51 -72.4844
33 52 -42.0974
33 53 10.3836
33 54 48.985
33 55 66.8713
33 56 4.68354
33 57 9.74361
33 58 58.6116
33 59 22.6285
33 60 5.39325
33 61 42.3787
33 62 -32.8145
33 63 55.0922
33 64 103.775
33 65 92.0321
33 66 -72.4759
33 67 41.773
33 68 -1.49052
33 69 54.3687
33 70 47.5762
33 71 20.7703
34 36 110.511
34 37 11.5941
34 38 -39.9081
34 39 -182.432
34 40 49.2607
34 41 -93.8008
34 42 -45.4047
34 43 -58.9727
34 44 66.8831
34 45 -54.6849
34 46 -61.3231
34 47 82.0036
34 48 5.91441
34 49 -62.7525
34 50 49.9884
34 51 25.7933
34 52 -14.0022
34 53 65.0271
34 54 -10.9925
34 55 -25.8813
34 56 -74.3631
34 57 -110.907
34 58 -5.69294
34 59 128.013
34 60 -33.4846
34 61 -82.6653
34 62 72.8404
34 63 44.6057
34 64 38.7977
34 65 -11.1628
34 66 -33.9243
34 67 -68.7501
34 68 -35.7136
34 69 3.87778
34 70 44.7149
34 71 11.1044
35 36 -128.99
35 37 28.5934
35 38 -7.24645
35 39 -109.237
35 40 -170.719
35 41 -88.543
35 42 -50.2214
35 43 31.1199
35 44 -16.8374
35 45 -39.0751
35 46 32.1525
35 47 -1.81921
35 48 107.504
35 49 2.427
35 50 -6.76323
35 51 8.04961
35 52 -89.7652
35 53 52.0173
35 54 11.0469
35 55 42.0873
35 56 -163.449
35 57 -24.0324
35 58 -77.9034
35 59 3.70438
35 60 -101.221
35 61 25.017
35 62 -18.7598
35 63 6.38448
35 64 89.5497
35 65 -67.4054
35 66 38.6043
35 67 -31.4848
35 68 -102.009
35 69 107.757
35 70 34.4458
35 71 42.9123
36 72 86.0176
36 73 33.1026
36 74 -127.53
36 75 -78.3475
36 76 -116.598
36 77 -4.02185
36 78 47.3045
36 79 -63.3983
36 80 16.8477
36 81 28.4542
36 82 46.2388
36 83 146.825
36 84 -138.183
36 85 23.4663
36 86 -14.6422
36 87 -40.8684
36 88 -94.8715
36 89 -24.0013
36 90 -47.609
36 91 0.608421
36 92 -30.663
36 93 -41.5787
36 94 -66.1238
36 95 -46.0201
36 96 40.4231
36 97 -75.5157
36 98 -4.64252
36 99 -105.37
36 100 -30.2737
36 101 -73.8564
36 102 46.3443
36 103 -5.70223
36 104 -93.667
36 105 -26.545
36 106 -180.341
36 107 48.3932
37 72 86.154
37 73 -7.13628
37 74 127.304
37 75 -50.5483
37 76 -24.1142
37 77 -34.1556
37 78 -1.63988
37 79 -31.4514
37 80 -15.628
37 81 -120.068
37 82 -65.5862
37 83 29.6126
37 84 -6.16972
37 85 67.2253
37 86 -44.2406
37 87 -88.6685
37 88 -101.46
37 89 49.0383
37 90 55.949
37 91 -26.5773
37 92 -84.0652
37 93 -57.1494
37 94 -89.8259
37 95 10.2096
37 96 164.744
37 97 -16.0883
37 98 6.5114
37 99 -8.77507
37 100 38.6985
37 101 -53.3505
37 102 67.4368
37 103 -18.3431
37 104 -24.081
37 105 -33.3792
37 106 3.31945
37 107 31.9937
38 72 22.8496
38 73 -10.0679
38 74 66.7741
38 75 157.71
38 76 -78.2509
38 77 -50.1975
38 78 101.285
38 79 104.577
38 80 -51.35
38 81 -20.0678
38 82 -35.1004
38 83 -41.767
38 84 82.7299
38 85 -40.0163
38 86 -49.6385
38 87 -36.6534
38 88 -111.718
38 89 -38.9388
38 90 -6.66702
38 91 43.9138
38 92 -80.3835
38 93 -49.0837
38 94 20.8228
38 95 -62.2021
38 96 22.8968
38 97 27.8057
38 98 68.4258
38 99 -16.301
38 100 -59.7748
38 101 -69.9658
38 102 20.205
38 103 -77.7546
38 104 -121.692
38 105 -24.9586
38 106 -68.1967
38 107 -125.391
39 72 22.8504
39 73 89.0611
39 74 105.843
39 75 85.3955
39 76 -43.4383
39 77 -85.2455
39 78 35.3762
39 79 -74.7394
39 80 -52.6682
39 81 60.9999
39 82 23.7217
39 83 -42.0532
39 84 -55.8621
39 85 1.88358
39 86 -0.887177
39 87 6.60882
39 88 -21.2879
39 89 -85.7976
39 90 73.7037
39 91 -48.0102
39 92 23.4122
39 93 95.2934
39 94 -48.9103
39 95 33.8991
39 96 -70.0561
39 97 40.9533
39 98 1.49094
39 99 -49.5092
39 100 -18.9637
39 101 146.832
39 102 19.2799
39 103 -194.328
39 104 16.0065
39 105 123.193
39 106 80.4642
39 107 76.7012
40 72 8.60418
40 73 -40.6089
40 74 24.4562
40 75 -29.798
40 76 95.0536
40 77 41.3465
40 78 -51.84
40 79 138.694
40 80 -13.344
40 81 33.3042
40 82 -81.1301
40 83 20.3948
40 84 -118.86
40 85 31.0872
40 86 42.9212
40 87 -28.604
40 88 23.7761
40 89 0.817774
40 90 -63.2888
40 91 4.7008
40 92 32.0902
40 93 -144.561
40 94 119.789
40 95 49.3263
40 96 60.788
40 97 -12.9459
40 98 137.725
40 99 25.8378
40 100 77.4002
40 101 -24.3103
40 102 -10.1498
40 103 148.221
40 104 148.716
40 105 -42.3854
40 106 -1.14309
40 107 -72.9303
41 72 -13.4196
41 73 -52.3893
41 74 -29.5404
41 75 10.2074
41 76 -146.262
41 77 157.293
41 78 -15.1288
41 79 -20.5351
41 80 46.7426
41 81 8.28111
41 82 -54.1771
41 83 9.7625
41 84 -7.01767
41 85 201.612
41 86 40.728
41 87 32.9962
41 88 34.5569
41 89 -110.699
41 90 8.26095
41 91 -73.4484
41 92 11.7211
41 93 88.157
41 94 46.0273
41 95 -11.6822
41 96 -154.261
41 97 -34.8732
41 98 -30.7475
41 99 -124.315
41 100 -54.8899
41 101 -2.29374
41 102 -68.5892
41 103 70.5821
41 104 -50.1157
41 105 -36.7699
41 106 22.6221
41 107 13.5451
42 72 52.733
42 73 48.2206
42 74 -106.984
42 75 4.58549
42 76 -100.448
42 77 112.149
42 78 4.03714
42 79 113.005
42 80 16.6064
42 81 -145.073
42 82 -45.4784
42 83 -50.1982
42 84 56.1909
42 85 -54.4382
42 86 21.5014
42 87 -62.4623
42 88 34.8269
42 89 -3.14959
42 90 84.874
42 91 -15.295
42 92 65.2255
42 93 -36.7228
42 94 17.0104
42 95 159.241
42 96 28.1914
42 97 46.4168
42 98 -61.6553
42 99 -58.5919
42 100 -115.495
42 101 43.4119
42 102 -114.704
42 103 -67.7934
42 104 5.82263
42 105 84.879
42 106 -46.8346
42 107 126.016
43 72 58.7809
43 73 27.0037
43 74 -165.188
43 75 -2.39656
43 76 109.682
43 77 -73.5533
43 78 95.3126
43 79 -18.3044
43 80 32.8484
43 81 -127.238
43 82 -107.843
43 83 25.1077
43 84 104.181
43 85 2.74287
43 86 81.5429
43 87 159.646
43 88 -70.6657
43 89 200.694
43 90 36.2504
43 91 28.2739
43 92 -113.252
43 93 -4.89392
43 94 -28.0374
43 95 -17.7601
43 96 -53.4605
43 97 -15.6735
43 98 69.6829
43 99 -133.998
43 100 -61.1636
43 101 132.051
43 102 34.6929
43 103 16.737
43 104 -47.8955
43 105 23.2188
43 106 -37.2804
43 107 -14.5022
44 72 -149.794
44 73 -53.81
44 74 -87.9028
44 75 16.063
44 76 5.30068
44 77 -70.2767
44 78 -8.12037
44 79 -7.72512
44 80 3.46052
44 81 79.4043
44 82 -10.8228
44 83 99.9998
44 84 -11.8558
44 85 -79.3788
44 86 56.9816
44 87 -99.6527
44 88 -58.7047
44 89 56.4891
44 90 -28.1989
44 91 -54.6903
44 92 12.7592
44 93 -25.15
44 94 -25.4854
44 95 30.9072
44 96 -128.549
44 97 -20.95
44 98 -31.5665
44 99 94.2302
44 100 -12.2936
44 101 8.09471
44 102 37.4992
44 103 49.8069
44 104 -29.6098
44 105 49.9842
44 106 -40.6198
44 107 67.1508
45 72 -36.2757
45 73 82.5038
45 74 -13.8658
45 75 9.89727
45 76 -3.921
45 77 -114.184
45 78 59.1175
45 79 -48.476
45 80 200.636
45 81 -2.96907
45 82 -27.4783
45 83 -5.70511
45 84 -39.4547
45 85 21.1453
45 86 -36.1863
45 87 -9.15309
45 88 -11.3539
45 89 8.29456
45 90 36.5231
45 91 -88.1297
45 92 60.5829
45 93 43.3163
45 94 -143.959
45 95 5.84963
45 96 -81.0839
45 97 -95.7719
45 98 30.188
45 99 -4.64675
45 100 -23.2514
45 101 -201.801
45 102 -72.6684
45 103 70.9963
45 104 11.2656
45 105 -100.088
45 106 60.5236
45 107 -47.0376
46 72 27.7477
46 73 14.9977
46 74 -11.7423
46 75 -26.0223
46 76 108.605
46 77 -20.3853
46 78 18.1828
46 79 62.9156
46 80 -49.393
46 81 -190.676
46 82 91.118
46 83 8.08494
46 84 -28.1969
46 85 -2.43031
46 86 97.8269
46 87 -106.742
46 88 -45.4247
46 89 -95.9898
46 90 -24.6329
46 91 -19.3456
46 92 -2.69719
46 93 -31.2124
46 94 55.3856
46 95 84.6539
46 96 1.18276
46 97 129.353
46 98 -13.6498
46 99 45.2184
46 100 91.1962
46 101 -68.0675
46 102 9.16881
46 103 -90.5258
46 104 -63.634
46 105 -60.3978
46 106 -2.63032
46 107 -61.6966
47 72 41.9588
47 73 -36.1332
47 74 22.6516
47 75 -20.0293
47 76 -52.2646
47 77 -191.907
47 78 147.891
47 79 -58.0871
47 80 -64.3943
47 81 -102.965
47 82 35.1841
47 83 -180.347
47 84 51.8101
47 85 -113.912
47 86 -36.554
47 87 -25.2173
47 88 -28.0153
47 89 26.0552
47 90 10.6706
47 91 -23.9644
47 92 -0.35813
47 93 78.1835
47 94 -26.4976
47 95 -30.3207
47 96 -12.461
47 97 -17.9897
47 98 -61.1459
47 99 -106.875
47 100 -6.24098
47 101 31.0389
47 102 -125.59
47 103 -29.0611
47 104 -35.8574
47 105 72.8738
47 106 134.685
47 107 -112.808
48 72 -36.4848
48 73 -40.5419
48 74 39.2346
48 75 32.1204
48 76 -21.0818
48 77 85.8936
48 78 11.6567
48 79 -48.2267
48 80 -23.6711
48 81 -7.28138
48 82 -50.4491
48 83 -22.4318
48 84 50.1807
48 85 -16.4648
48 86 -9.43437
48 87 102.629
48 88 -36.042
48 89 -83.8005
48 90 41.1307
48 91 -26.713
48 92 24.2934
48 93 -35.8566
48 94 49.4248
48 95 89.7891
48 96 -41.0258
48 97 17.8512
48 98 -29.4478
48 99 135.725
48 100 25.9943
48 101 -55.7922
48 102 -16.8146
48 103 -49.3686
48 104 -64.2262
48 105 -7.44353
48 106 -96.1605
48 107 -33.8296
49 72 7.27231
49 73 -37.8436
49 74 55.4245
49 75 -83.6752
49 76 -119.026
49 77 64.5544
49 78 -53.6858
49 79 64.3
49 80 -0.904721
49 81 1.54629
49 82 -35.4841
49 83 -53.1948
49 84 -37.0476
49 85 -64.8339
49 86 -28.3032
49 87 81.0051
49 88 0.141036
49 89 -69.7688
49 90 27.3023
49 91 82.6318
49 92 7.46161
49 93 58.73
49 94 12.0217
49 95 4.85913
49 96 -39.2284
49 97 74.6284
49 98 3.49665
49 99 -75.555
49 100 52.5036
49 101 38.4584
49 102 -19.1442
49 103 29.7064
49 104 145.851
49 105 -20.0383
49 106 -11.5673
49 107 16.6256
50 72 46.726
50 73 41.8088
50 74 -86.1353
50 75 -12.2407
50 76 77.3634
50 77 17.2411
50 78 70.7132
50 79 26.8307
50 80 89.5465
50 81 3.55224
50 82 47.5345
50 83 -45.6836
50 84 82.2002
50 85 25.4124
50 86 55.8317
50 87 -3.88938
50 88 -2.98591
50 89 46.8317
50 90 -73.9118
50 91 -44.6901
50 92 72.0081
50 93 -108.795
50 94 -47.2184
50 95 -10.5794
50 96 -80.3615
50 97 21.7071
50 98 -23.0281
50 99 -34.5262
50 100 -80.2878
50 101 -126.561
50 102 22.3073
50 103 -47.0394
50 104 -93.2603
50 105 79.5711
50 106 81.1722
50 107 -38.0844
51 72 5.63033
51 73 -11.3497
51 74 -93.9512
51 75 64.6667
51 76 -88.7732
51 77 -76.075
51 78 30.8841
51 79 129.966
51 80 51.5263
51 81 -17.1841
51 82 -6.61566
51 83 -86.1108
51 84 -21.3635
51 85 -20.7083
51 86 -67.7458
51 87 -70.2855
51 88 -27.1476
51 89 -65.2607
51 90 15.8962
51 91 19.853
51 92 15.9159
51 93 23.9278
51 94 3.75151
51 95 8.96728
51 96 69.3402
51 97 -105.049
51 98 -25.197
51 99 -22.0358
51 100 17.8565
51 101 38.1074
51 102 -71.7795
51 103 82.1955
51 104 62.5119
51 105 37.8301
51 106 -12.2808
51 107 -37.4092
52 72 -14.9477
52 73 -34.591
52 74 28.5797
52 75 37.6304
52 76 -50.0191
52 77 -34.0171
52 78 -7.68975
52 79 -59.5208
52 80 -178.154
52 81 15.0378
52 82 0.815367
52 83 22.6497
52 84 24.0489
52 85 -68.638
52 86 -54.3734
52 87 -20.639
52 88 59.4666
52 89 11.7109
52 90 16.6922
52 91 -68.5974
52 92 -95.2145
52 93 14.1612
52 94 114.457
52 95 -66.7322
52 96 -6.54186
52 97 30.235
52 98 -99.5791
52 99 -10.9479
52 100 -22.5556
52 101 33.4672
52 102 24.6757
52 103 -52.0573
52 104 40.8719
52 105 -57.4858
52 106 -81.6257
52 107 84.6957
53 72 36.7832
53 73 43.2519
53 74 82.753
53 75 91.458
53 76 -50.2295
53 77 29.3625
53 78 -42.5693
53 79 63.4647
53 80 18.6231
53 81 104.434
53 82 -15.9347
53 83 48.027
53 84 69.6008
53 85 81.8015
53 86 -10.8827
53 87 -11.6036
53 88 -150.512
53 89 -34.7725
53 90 101.596
53 91 19.0301
53 92 -51.7204
53 93 53.6533
53 94 59.1426
53 95 71.3493
53 96 76.0444
53 97 18.06
53 98 -70.1003
53 99 33.9572
53 100 2.63009
53 101 -66.2881
53 102 53.6744
53 103 38.9878
53 104 47.8225
53 105 82.358
53 106 3.19361
53 107 69.1975
54 72 80.0109
54 73 29.3306
54 74 68.1245
54 75 11.433
54 76 -38.2589
54 77 -34.3619
54 78 45.7295
54 79 -53.1436
54 80 136.217
54 81 120.813
54 82 -86.7987
54 83 22.3694
54 84 52.1622
54 85 -17.7266
54 86 12.3008
54 87 -6.728
54 88 -215.052
54 89 -61.1162
54 90 -28.8175
54 91 -11.2653
54 92 -36.6354
54 93 -102.365
54 94 65.493
54 95 -96.6038
54 96 40.7902
54 97 -9.7501
54 98 98.4789
54 99 49.9202
54 100 30.2698
54 101 -72.1609
54 102 52.291
54 103 -42.0016
54 104 0.159301
54 105 99.6603
54 106 18.9135
54 107 -14.7277
55 72 81.0818
55 73 23.7826
55 74 -70.46
55 75 126.334
55 76 -16.7251
55 77 123.176
55 78 14.622
55 79 -50.3247
55 80 38.8311
55 81 77.65
55 82 64.7714
55 83 71.1003
55 84 -46.3772
55 85 -90.5343
55 86 36.2339
55 87 43.4675
55 88 -25.3319
55 89 44.16
55 90 41.8251
55 91 62.2692
55 92 -30.667
55 93 -37.0068
55 94 10.5438
55 95 32.4558
55 96 89.3835
55 97 81.4565
55 98 -68.3542
55 99 -9.55541
55 100 98.7348
55 101 -0.902753
55 102 -29.2999
55 103 13.1211
55 104 0.956956
55 105 35.1147
55 106 7.25093
55 107 21.3495
56 72 25.392
56 73 -60.0568
56 74 -79.6331
56 75 73.4461
56 76 91.0372
56 77 -29.2113
56 78 -79.7979
56 79 27.4392
56 80 -75.3876
56 81 80.4538
56 82 -90.7273
56 83 55.3697
56 84 -31.2254
56 85 1.96894
56 86 49.6462
56 87 -61.9482
56 88 -83.3137
56 89 11.4135
56 90 32.9603
56 91 73.9699
56 92 -81.8551
56 93 82.79
56 94 -132.862
56 95 -60.247
56 96 40.1943
56 97 -69.1882
56 98 -19.0719
56 99 37.5155
56 100 12.6758
56 101 4.69784
56 102 46.0825
56 103 35.4031
56 104 -125.727
56 105 39.5695
56 106 105.714
56 107 57.127
57 72 6.3035
57 73 -21.8874
57 74 47.4412
57 75 -112.143
57 76 -97.8055
57 77 -49.0171
57 78 2.80032
57 79 8.94116
57 80 -13.5702
57 81 39.0526
57 82 92.498
57 83 -32.2766
57 84 -30.8268
57 85 58.5977
57 86 14.8249
57 87 87.0531
57 88 26.7528
57 89 -46.1625
57 90 106.435
57 91 9.51678
57 92 -1.57301
57 93 19.2762
57 94 -60.8238
57 95 -26.7739
57 96 -13.6475
57 97 47.8292
57 98 106.136
57 99 -67.9458
57 100 -1.86613
57 101 13.3638
57 102 -45.7479
57 103 89.073
57 104 4.06602
57 105 75.7981
57 106 24.6132
57 107 39.7602
58 72 -1.32336
58 73 26.7792
58 74 -61.7308
58 75 68.7949
58 76 -59.3506
58 77 -125.361
58 78 -35.7775
58 79 -14.4334
58 80 -55.7121
58 81 21.0824
58 82 -86.0912
58 83 -73.0851
58 84 -54.9251
58 85 -102.39
58 86 34.7083
58 87 12.3938
58 88 5.66454
58 89 44.1895
58 90 8.27961
58 91 -4.21384
58 92 -30.5644
58 93 -62.261
58 94 -30.1544
58 95 23.3031
58 96 -11.9707
58 97 -66.6815
58 98 59.4873
58 99 -64.9315
58 100 -164.223
58 101 -13.9253
58 102 17.7554
58 103 23.5409
58 104 161.882
58 105 34.5795
58 106 199.414
58 107 16.241
59 72 49.292
59 73 16.8965
59 74 61.0765
59 75 124.329
59 76 -78.2666
59 77 28.8569
59 78 -13.9388
59 79 110.382
59 80 -11.1357
59 81 -15.8271
59 82 113.378
59 83 65.3463
59 84 -11.7282
59 85 130.573
59 86 2.83023
59 87 6.51456
59 88 -3.92698
59 89 55.3935
59 90 -58.3101
59 91 -85.5815
59 92 -27.039
59 93 73.5651
59 94 -64.4503
59 95 17.997
59 96 -48.0614
59 97 78.5591
59 98 -79.6214
59 99 -46.5879
59 100 77.7851
59 101 -40.2579
59 102 -11.1839
59 103 -28.8037
59 104 62.0034
59 105 -39.4639
59 106 57.5089
59 107 -62.5814
60 72 -30.4953
60 73 9.2057
60 74 -35.1546
60 75 49.5338
60 76 29.3125
60 77 -24.2528
60 78 78.6931
60 79 -44.3189
60 80 -99.9769
60 81 11.5805
60 82 16.5202
60 83 -21.2157
60 84 12.2213
60 85 50.178
60 86 -138.062
60 87 -71.1201
60 88 -31.1726
60 89 73.6227
60 90 -67.7699
60 91 26.429
60 92 65.2333
60 93 109.619
60 94 -6.65606
60 95 142.232
60 96 -12.7014
60 97 -81.9718
60 98 -13.3086
60 99 6.42998
60 100 -45.5611
60 101 -29.7794
60 102 6.58339
60 103 68.204
60 104 -15.9608
60 105 -60.381
60 106 -82.0017
60 107 54.5627
61 72 6.15006
61 73 -69.89
61 74 40.3065
61 75 25.446
61 76 -32.2043
61 77 52.8834
61 78 -72.9864
61 79 3.52968
61 80 -90.1608
61 81 -15.9098
61 82 14.598
61 83 -42.5741
61 84 -69.2174
61 85 -36.3465
61 86 -8.90705
61 87 50.8676
61 88 58.9654
61 89 103.58
61 90 -28.2913
61 91 -40.1538
61 92 -82.0277
61 93 -56.4903
61 94 41.7859
61 95 -55.1481
61 96 -9.72485
61 97 36.2541
61 98 115.414
61 99 37.4604
61 100 63.7962
61 101 22.8632
61 102 23.995
61 103 -88.1837
61 104 99.0953
61 105 30.621
61 106 -23.6191
61 107 72.4127
62 72 36.0478
62 73 -44.8231
62 74 109.66
62 75 -8.26656
62 76 12.8602
62 77 85.1942
62 78 -30.9169
62 79 -26.0407
62 80 58.3609
62 81 -49.0917
62 82 13.0883
62 83 235.519
62 84 6.80317
62 85 -7.40951
62 86 52.5401
62 87 67.9414
62 88 106.429
62 89 -39.8953
62 90 69.6492
62 91 -77.2289
62 92 36.7683
62 93 29.6445
62 94 -13.7374
62 95 87.0005
62 96 -106.094
62 97 -29.8385
62 98 -40.2015
62 99 22.8436
62 100 -27.503
62 101 -106.827
62 102 182.169
62 103 110.496
62 104 -42.0958
62 105 -41.0924
62 106 -68.5984
62 107 -5.26975
63 72 54.7447
63 73 -111.192
63 74 -31.2869
63 75 -56.6218
63 76 -23.0104
63 77 5.3891
63 78 -130.445
63 79 -109.392
63 80 -36.7717
63 81 -9.44734
63 82 45.5436
63 83 64.0763
63 84 -71.4679
63 85 -7.71382
63 86 -100.306
63 87 16.6661
63 88 10.3493
63 89 -3.47956
63 90 71.74
63 91 49.9677
63 92 -10.4147
63 93 -3.97042
63 94 4.92517
63 95 -22.5128
63 96 -51.56
63 97 46.1357
63 98 54.5835
63 99 -79.5375
63 100 -16.2378
63 101 -34.5378
63 102 -137.493
63 103 10.5239
63 104 -85.9077
63 105 5.28367
63 106 110.94
63 107 87.2606
64 72 103.65
64 73 -64.5031
64 74 19.5334
64 75 124.074
64 76 -81.4455
64 77 -15.4949
64 78 38.1313
64 79 -163.137
64 80 61.3422
64 81 106.395
64 82 -0.873748
64 83 6.94025
64 84 -18.7723
64 85 45.2182
64 86 -4.69194
64 87 -11.3602
64 88 -36.8285
64 89 -20.5957
64 90 -15.4295
64 91 -12.4278
64 92 -0.192282
64 93 112.445
64 94 51.6436
64 95 -11.9218
64 96 91.2432
64 97 -39.3321
64 98 -33.8057
64 99 -3.86459
64 100 -111.918
64 101 -6.99983
64 102 99.8727
64 103 -77.9854
64 104 -13.2347
64 105 64.999
64 106 75.5453
64 107 46.7511
65 72 46.1333
65 73 1.23154
65 74 -27.9653
65 75 21.462
65 76 -27.6592
65 77 -91.8692
65 78 143.281
65 79 45.7553
65 80 -39.9997
65 81 -72.7975
65 82 -11.7434
65 83 27.8811
65 84 39.7018
65 85 -54.6828
65 86 3.01939
65 87 62.6615
65 88 6.28005
65 89 -27.6131
65 90 42.7271
65 91 -2.09213
65 92 -63.7864
65 93 21.2361
65 94 13.749
65 95 6.63064
65 96 -4.61892
65 97 69.4594
65 98 9.50539
65 99 73.6294
65 100 -38.2034
65 101 -4.36472
65 102 128.922
65 103 -86.7835
65 104 -46.5435
65 105 -66.4477
65 106 -37.1507
65 107 -87.0401
66 72 9.45974
66 73 -1.89837
66 74 43.0615
66 75 -25.9466
66 76 -36.2574
66 77 -7.91274
66 78 -20.1328
66 79 -23.7683
66 80 9.9554
66 81 43.5982
66 82 -53.2605
66 83 -30.8729
66 84 60.5821
66 85 -32.535
66 86 -84.619
66 87 58.169
66 88 -222.9
66 89 84.4665
66 90 -43.4607
66 91 -50.3255
66 92 -29.5274
66 93 -47.4467
66 94 -118.693
66 95 -2.45735
66 96 -10.3119
66 97 -21.3619
66 98 -24.4635
66 99 57.1666
66 100 -49.365
66 101 -191.44
66 102 -121.026
66 103 -32.5133
66 104 49.8538
66 105 -174.277
66 106 56.7282
66 107 69.7184
67 72 6.21949
67 73 0.123777
67 74 127.282
67 75 -19.1954
67 76 48.356
67 77 -63.306
67 78 -37.6014
67 79 -40.8896
67 80 -25.6494
67 81 -45.3299
67 82 11.8592
67 83 -38.5345
67 84 -16.7473
67 85 77.0042
67 86 102.066
67 87 12.3208
67 88 18.9246
67 89 -22.4661
67 90 61.2233
67 91 42.3818
67 92 94.8101
67 93 113.819
67 94 -35.4633
67 95 52.4738
67 96 -116.602
67 97 75.0085
67 98 57.1787
67 99 38.8176
67 100 93.7249
67 101 -40.1087
67 102 -28.1266
67 103 -67.6327
67 104 31.3891
67 105 -25.8701
67 106 -13.5606
67 107 62.6068
68 72 74.6176
68 73 75.3514
68 74 -20.2428
68 75 3.37999
68 76 -71.9028
68 77 -76.8576
68 78 3.27642
68 79 5.46859
68 80 13.2787
68 81 -98.3608
68 82 -57.3218
68 83 -31.0264
68 84 74.9735
68 85 -28.1284
68 86 -84.7588
68 87 -47.5358
68 88 -10.5182
68 89 9.01077
68 90 -79.4824
68 91 103.151
68 92 59.8717
68 93 -15.8969
68 94 85.6885
68 95 -113.496
68 96 -23.3539
68 97 -60.8585
68 98 135.251
68 99 166.323
68 100 21.696
68 101 80.3152
68 102 114.074
68 103 56.5482
68 104 -86.7819
68 105 -104.896
68 106 55.5208
68 107 23.029
69 72 45.1128
69 73 130.453
69 74 16.8731
69 75 1.32634
69 76 -63.1004
69 77 101.261
69 78 -32.4279
69 79 51.7628
69 80 53.4346
69 81 39.0993
69 82 56.4625
69 83 90.4327
69 84 -29.5602
69 85 -8.42256
69 86 63.1167
69 87 75.1641
69 88 -17.0317
69 89 15.1417
69 90 101.904
69 91 33.8932
69 92 95.8655
69 93 -16.8567
69 94 58.6696
69 95 -32.2071
69 96 -5.35181
69 97 36.9664
69 98 41.7751
69 99 22.6312
69 100 -34.8936
69 101 -9.60732
69 102 70.5046
69 103 -21.6026
69 104 30.8573
69 105 -176.682
69 106 38.4844
69 107 -37.7195
70 72 78.977
70 73 -10.0538
70 74 -0.729367
70 75 -122.792
70 76 -97.8492
70 77 -16.7647
70 78 -0.86065
70 79 -44.8803
70 80 144.218
70 81 18.2567
70 82 -59.6047
70 83 -9.0583
70 84 -115.92
70 85 -52.5059
70 86 -57.1097
70 87 76.3619
70 88 -73.8144
70 89 -20.256
70 90 -46.7171
70 91 -90.9298
70 92 20.803
70 93 -25.3409
70 94 -113.156
70 95 36.5138
70 96 -14.6969
70 97 60.3579
70 98 -30.1321
70 99 -6.71684
70 100 -52.3952
70 101 -33.2718
70 102 -73.5447
70 103 -13.1965
70 104 -79.2241
70 105 -22.5651
70 106 -69.6511
70 107 15.4793
71 72 69.7738
71 73 23.38
71 74 -18.818
71 75 -45.9199
71 76 2.91897
71 77 56.8884
71 78 -38.1305
71 79 99.1821
71 80 69.7804
71 81 32.9093
71 82 17.0205
71 83 -32.2986
71 84 -9.80618
71 85 -193.488
71 86 21.7944
71 87 9.39464
71 88 52.294
71 89 -95.2424
71 90 -91.6734
71 91 86.74
71 92 50.6325
71 93 2.36628
71 94 -30.9414
71 95 71.9538
71 96 155.873
71 97 -34.4536
71 98 -22.0414
71 99 137.689
71 100 -7.24383
71 101 -47.5795
71 102 -86.5534
71 103 -79.9098
71 104 51.3584
71 105 -39.5729
71 106 24.8799
71 107 18.7515
0 0 6.12659
1 0 9.50431
2 0 -12.983
3 0 -82.965
4 0 -113.846
5 0 71.0199
6 0 32.4982
7 0 34.5641
8 0 13.5363
9 0 69.9484
10 0 -48.1183
11 0 -32.0059
12 0 -48.7307
13 0 38.2259
14 0 -3.62804
15 0 63.3125
16 0 -16.2316
17 0 156.575
0 1 -52.0622
1 1 60.5687
2 1 107.981
3 1 21.48
4 1 94.6058
5 1 17.4024
6 1 -104.677
7 1 59.2395
8 1 -9.00241
9 1 -23.8324
10 1 -38.5573
11 1 -29.6146
12 1 -51.0235
13 1 68.0925
14 1 53.4338
15 1 -23.0572
16 1 -60.6235
17 1 14.5539
0 2 116.273
1 2 35.8793
2 2 -50.5774
3 2 -81.9219
4 2 38.2025
5 2 -52.8027
6 2 65.5405
7 2 30.1008
8 2 20.607
9 2 31.3382
10 2 127.373
11 2 -25.2322
12 2 11.6208
13 2 112.02
14 2 -36.8841
15 2 -13.1352
16 2 -2.65004
17 2 -57.3926
0 3 30.5164
1 3 80.7832
2 3 -91.0161
3 3 -135.704
4 3 -56.8396
5 3 102.977
6 3 -44.8937
7 3 -29.9208
8 3 18.2913
9 3 -186.136
10 3 30.0035
11 3 65.3921
12 3 9.66493
13 3 0.651294
14 3 63.2106
15 3 -10.9079
16 3 1.18989
17 3 18.5437
0 4 112.486
1 4 -2.55083
2 4 85.5872
3 4 -4.78305
4 4 114.138
5 4 34.0729
6 4 9.70596
7 4 149.783
8 4 77.9027
9 4 -31.2167
10 4 -60.6571
11 4 54.405
12 4 -52.4567
13 4 18.4335
14 4 -108.455
15 4 -12.5319
16 4 68.6674
17 4 13.036
0 5 82.4983
1 5 -9.56971
2 5 -28.6799
3 5 -42.9813
4 5 69.2572
5 5 -15.9897
6 5 128.876
7 5 -44.1931
8 5 -55.9604
9 5 70.4573
10 5 16.9424
11 5 32.4276
12 5 -24.5489
13 5 4.7401
14 5 -11.4692
15 5 160.282
16 5 92.4393
17 5 -129.985
0 6 -88.298
1 6 -83.9188
2 6 -72.9537
3 6 60.6209
4 6 98.54
5 6 -57.8009
6 6 10.6984
7 6 55.3527
8 6 38.971
9 6 -85.2673
10 6 -6.94575
11 6 35.2485
12 6 1.86194
13 6 32.8859
14 6 22.9675
15 6 -3.09776
16 6 -33.1167
17 6 -53.3075
0 7 64.6451
1 7 116.098
2 7 46.192
3 7 43.5552
4 7 81.1667
5 7 53.8394
6 7 118.049
7 7 -32.7231
8 7 -13.6881
9 7 77.9673
10 7 -117.138
11 7 5.95321
12 7 19.6239
13 7 119.34
14 7 -5.90631
15 7 -81.8653
16 7 -56.2354
17 7 73.055
0 8 -16.5828
1 8 30.246
2 8 -21.9112
3 8 25.7985
4 8 -44.2624
5 8 -82.0994
6 8 22.4406
7 8 -85.4334
8 8 15.1857
9 8 -63.4647
10 8 -124.471
11 8 31.871
12 8 46.4701
13 8 -41.2434
14 8 0.0249602
15 8 83.3779
16 8 248.043
17 8 0.915196
0 9 -135.59
1 9 -30.7775
2 9 125.296
3 9 46.3954
4 9 5.01727
5 9 53.5544
6 9 -23.37
7 9 -106.903
8 9 -29.1879
9 9 147.568
10 9 -21.9688
11 9 28.8182
12 9 46.573
13 9 -5.00838
14 9 126.439
15 9 31.9994
16 9 -49.4105
17 9 -19.3649
0 10 -41.6709
1 10 -79.1136
2 10 106.764
3 10 -1.64112
4 10 -100.293
5 10 -50.864
6 10 36.441
7 10 18.5249
8 10 -67.3994
9 10 -33.0312
10 10 19.4705
11 10 17.6632
12 10 -43.3243
13 10 -68.3407
14 10 19.5937
15 10 24.0491
16 10 114.278
17 10 18.1144
0 11 -36.9811
1 11 -9.03025
2 11 -1.56025
3 11 -87.1248
4 11 -67.8594
5 11 -152.824
6 11 38.3701
7 11 -19.1965
8 11 26.8755
9 11 -48.9487
10 11 39.9928
11 11 -143.935
12 11 108.917
13 11 173.512
14 11 -164.48
15 11 -36.1364
16 11 -8.29119
17 11 1.45316
0 12 -142.846
1 12 -120.496
2 12 123.957
3 12 -125.823
4 12 46.9743
5 12 -104.372
6 12 30.7578
7 12 -17.067
8 12 175.521
9 12 47.6839
10 12 -58.5621
11 12 83.1538
12 12 7.73549
13 12 -85.3552
14 12 -45.285
15 12 -12.6988
16 12 -150.351
17 12 -6.43536
0 13 -19.6049
1 13 33.7419
2 13 73.9743
3 13 -32.0034
4 13 25.0941
5 13 23.352
6 13 -61.2585
7 13 30.3601
8 13 -49.7192
9 13 33.2324
10 13 17.3196
11 13 20.534
12 13 113.813
13 13 -25.7712
14 13 89.5384
15 13 78.9983
16 13 93.2666
17 13 40.0973
0 14 -55.181
1 14 -154.687
2 14 9.77679
3 14 -79.4811
4 14 38.6567
5 14 63.9622
6 14 -13.2672
7 14 16.8295
8 14 44.5062
9 14 -68.2667
10 14 -48.6975
11 14 22.8572
12 14 25.7984
13 14 -38.8753
14 14 -103.545
15 14 -106.777
16 14 -27.3527
17 14 -51.9446
0 15 6.44512
1 15 -18.6682
2 15 67.6796
3 15 4.50371
4 15 94.1711
5 15 -41.7994
6 15 -56.9872
7 15 66.5866
8 15 90.2954
9 15 74.7597
10 15 -176.773
11 15 -15.5389
12 15 7.34331
13 15 6.64427
14 15 -16.0218
15 15 17.1323
16 15 -72.182
17 15 70.8413
0 16 -2.29675
1 16 -107.932
2 16 -20.7595
3 16 -104.475
4 16 -20.2852
5 16 58.9619
6 16 -26.5812
7 16 65.9425
8 16 31.6001
9 16 -125.211
10 16 -25.7696
11 16 -76.8593
12 16 121.023
13 16 32.3855
14 16 47.4695
15 16 0.908943
16 16 -2.62667
17 16 -54.7699
0 17 94.4121
1 17 6.52168
2 17 -13.0164
3 17 -11.3929
4 17 20.1893
5 17 -6.45959
6 17 -22.5641
7 17 20.8822
8 17 10.8467
9 17 17.2167
10 17 29.2958
11 17 -58.1172
12 17 -27.1528
13 17 -84.6554
14 17 -21.4786
15 17 -41.9706
16 17 68.7523
17 17 -107.198
0 18 -12.2343
1 18 -5.0469
2 18 -74.2148
3 18 -28.242
4 18 36.3167
5 18 30.5648
6 18 87.7832
7 18 40.2707
8 18 -66.6007
9 18 50.5125
10 18 13.0231
11 18 35.1149
12 18 50.6997
13 18 -26.0695
14 18 67.7033
15 18 149.418
16 18 143.593
17 18 -167.528
0 19 -19.0138
1 19 63.2293
2 19 -31.3953
3 19 -2.31048
4 19 114.321
5 19 22.3593
6 19 -65.6068
7 19 -11.4577
8 19 18.2302
9 19 -49.1159
10 19 72.8439
11 19 11.7312
12 19 -13.4786
13 19 -42.8874
14 19 -28.2257
15 19 -54.5579
16 19 68.4768
17 19 -49.5932
0 20 59.5677
1 20 -5.26207
2 20 2.29958
3 20 76.6268
4 20 -42.7909
5 20 -51.5567
6 20 -81.4484
7 20 5.66897
8 20 -93.7544
9 20 134.731
10 20 -110.964
11 20 16.5523
12 20 -25.0596
13 20 94.739
14 20 8.83059
15 20 22.2384
16 20 -40.7577
17 20 -15.5758
0 21 -4.98322
1 21 82.0096
2 21 104.235
3 21 9.99495
4 21 80.4573
5 21 -68.1665
6 21 -12.1622
7 21 116.272
8 21 -91.1928
9 21 9.61109
10 21 91.144
11 21 -2.22017
12 21 114.856
13 21 -82.862
14 21 26.9405
15 21 42.5009
16 21 30.5868
17 21 -43.4216
0 22 26.3092
1 22 8.04087
2 22 -7.24379
3 22 11.0601
4 22 -33.0805
5 22 -27.5097
6 22 -52.9752
7 22 5.44775
8 22 -22.1082
9 22 -93.425
10 22 16.8165
11 22 89.9972
12 22 42.9424
13 22 9.7127
14 22 15.6802
15 22 -59.0971
16 22 115.751
17 22 23.2697
0 23 26.8402
1 23 47.111
2 23 26.3582
3 23 -95.5951
4 23 -41.2594
5 23 -81.9885
6 23 -35.8527
7 23 -89.2773
8 23 -12.463
9 23 31.8576
10 23 -38.6281
11 23 -28.4465
12 23 11.9231
13 23 -9.49187
14 23 -105.067
15 23 -59.2439
16 23 -1.74503
17 23 -7.1333
0 24 106.103
1 24 87.9389
2 24 -81.1317
3 24 -18.4035
4 24 77.3426
5 24 -42.2189
6 24 -66.6427
7 24 -99.9379
8 24 6.74878
9 24 -79.2707
10 24 -54.3304
11 24 -74.1485
12 24 -51.3982
13 24 -19.1987
14 24 31.5623
15 24 -7.56215
16 24 53.7391
17 24 46.7112
0 25 53.9648
1 25 -2.27665
2 25 75.2523
3 25 -65.6087
4 25 63.1591
5 25 40.8734
6 25 35.212
7 25 33.6658
8 25 41.2564
9 25 -99.7079
10 25 65.2128
11 25 132.561
12 25 34.0844
13 25 -64.3553
14 25 -55.0021
15 25 27.7443
16 25 29.3983
17 25 88.4279
0 26 -15.3201
1 26 -30.6344
2 26 -88.6741
3 26 -6.28881
4 26 53.4257
5 26 103.111
6 26 -90.8679
7 26 -41.0122
8 26 60.5
9 26 -27.807
10 26 139.805
11 26 -95.0329
12 26 -38.8162
13 26 -26.4068
14 26 26.0359
15 26 11.7447
16 26 -2.80576
17 26 -8.81977
0 27 42.4518
1 27 -55.581
2 27 13.4301
3 27 -76.3745
4 27 26.3749
5 27 75.4779
6 27 -23.5281
7 27 38.0925
8 27 -90.0745
9 27 -29.0826
10 27 6.6819
11 27 15.6408
12 27 -47.355
13 27 -19.5524
14 27 -113.812
15 27 65.8322
16 27 17.8885
17 27 48.0619
0 28 -188.99
1 28 14.9824
2 28 -13.0525
3 28 -38.1545
4 28 -47.9509
5 28 -7.79779
6 28 39.9016
7 28 -54.9572
8 28 -61.0464
9 28 -87.2256
10 28 2.44348
11 28 -22.6388
12 28 -44.1961
13 28 18.6712
14 28 -90.6815
15 28 25.5677
16 28 -46.6068
17 28 101.098
0 29 -49.6438
1 29 104.788
2 29 -126.343
3 29 16.3089
4 29 12.0072
5 29 -79.9772
6 29 -94.8564
7 29 -60.411
8 29 5.90554
9 29 -137.268
10 29 9.85808
11 29 76.0627
12 29 23.6554
13 29 29.3721
14 29 -33.6693
15 29 -26.3334
16 29 8.72355
17 29 139.683
0 30 -79.8623
1 30 51.1439
2 30 41.8324
3 30 4.93365
4 30 -84.5843
5 30 -30.4363
6 30 -96.1613
7 30 25.632
8 30 10.628
9 30 1.68435
10 30 59.0592
11 30 42.74
12 30 0.194715
13 30 23.0303
14 30 2.09799
15 30 -117.76
16 30 46.831
17 30 -63.3002
0 31 -145.856
1 31 29.1228
2 31 -19.225
3 31 41.1671
4 31 45.2407
5 31 24.0828
6 31 17.7361
7 31 -43.2509
8 31 42.3419
9 31 -61.6606
10 31 -3.22003
11 31 44.9886
12 31 22.2927
13 31 -78.0311
14 31 120.229
15 31 21.1545
16 31 82.4819
17 31 -52.0669
0 32 -32.1009
1 32 88.7769
2 32 38.6866
3 32 -18.5992
4 32 -84.2312
5 32 -9.56285
6 32 24.032
7 32 28.3618
8 32 18.7197
9 32 -88.0197
10 32 43.986
11 32 41.6859
12 32 -9.97427
13 32 -35.169
14 32 34.6251
15 32 -48.0801
16 32 -209.71
17 32 -8.0417
0 33 -72.2763
1 33 21.3166
2 33 -44.9942
3 33 -46.014
4 33 58.2017
5 33 -107.638
6 33 50.7254
7 33 -31.1522
8 33 144.835
9 33 -110.858
10 33 -25.5548
11 33 122.804
12 33 75.5716
13 33 11.2234
14 33 23.995
15 33 -126.946
16 33 -157.69
17 33 11.1509
0 34 100.857
1 34 -55.5829
2 34 -11.0763
3 34 -78.0359
4 34 -33.1083
5 34 31.6281
6 34 -152.819
7 34 -85.89
8 34 32.6946
9 34 -100.344
10 34 -71.6609
11 34 13.0043
12 34 -68.1431
13 34 -11.3371
14 34 -112.317
15 34 26.6419
16 34 91.6105
17 34 -3.64951
0 35 -101.266
1 35 4.45485
2 35 -105.354
3 35 -42.3695
4 35 50.3773
5 35 47.8562
6 35 77.7447
7 35 -55.6434
8 35 -58.6522
9 35 -26.2668
10 35 -30.2988
11 35 21.4962
12 35 -63.0267
13 35 -63.661
14 35 59.6129
15 35 -10.3973
16 35 1.97516
17 35 -78.852
108 112 -1.85102
108 113 -6.99576
108 114 -33.2638
108 115 47.1722
109 112 11.4292
109 113 93.9915
109 114 137.613
109 115 -6.67424
110 112 -33.0786
110 113 -16.7303
110 114 -105.296
110 115 -50.4855
111 112 -4.91917
111 113 26.1209
111 114 66.6869
111 115 -4.55925
0 108 -90.5076
1 108 39.5715
2 108 -75.7005
3 108 -1.17676
4 108 -47.4314
5 108 -108.697
6 108 20.7538
7 108 153.632
8 108 7.90968
9 108 -34.3675
10 108 8.20627
11 108 -40.3425
12 108 -95.2593
13 108 112.832
14 108 78.7366
15 108 -103.74
16 108 -70.0057
17 108 8.56895
0 109 -45.1556
1 109 12.5412
2 109 135.462
3 109 -3.50278
4 109 -122.027
5 109 1.11913
6 109 26.0656
7 109 -53.4424
8 109 18.6966
9 109 6.09055
10 109 -66.9239
11 109 -22.7933
12 109 9.14797
13 109 -89.8631
14 109 -124.295
15 109 -55.4347
16 109 79.3254
17 109 6.58434
0 110 152.976
1 110 6.93864
2 110 -48.4272
3 110 -137.865
4 110 -36.5019
5 110 -195.377
6 110 8.98682
7 110 26.6012
8 110 159.042
9 110 125.3
10 110 -21.9819
11 110 45.3662
12 110 47.4397
13 110 -26.9785
14 110 -97.7892
15 110 -70.6731
16 110 -93.8804
17 110 92.7506
0 111 78.6504
1 111 -73.4351
2 111 -4.9371
3 111 46.5942
4 111 -51.9415
5 111 3.14208
6 111 -5.10036
7 111 -24.5358
8 111 11.2776
9 111 -10.5856
10 111 18.8999
11 111 -35.9862
12 111 5.5979
13 111 37.9869
14 111 81.7459
15 111 0.644828
16 111 91.0043
17 111 -123.939
