soma 116
SIGMOID
SIGMOID
SIGMOID
SIGMOID
SIGMOID
SIGMOID
SIGMOID
SIGMOID
SIGMOID
SIGMOID
SIGMOID
SIGMOID
SIGMOID
SIGMOID
SIGMOID
SIGMOID
SIGMOID
SIGMOID
SIGMOID
SIGMOID
SIGMOID
SIGMOID
SIGMOID
SIGMOID
SIGMOID
SIGMOID
SIGMOID
SIGMOID
SIGMOID
SIGMOID
SIGMOID
SIGMOID
SIGMOID
SIGMOID
SIGMOID
SIGMOID
SIGMOID
SIGMOID
SIGMOID
SIGMOID
SIGMOID
SIGMOID
SIGMOID
SIGMOID
SIGMOID
SIGMOID
SIGMOID
SIGMOID
SIGMOID
SIGMOID
SIGMOID
SIGMOID
SIGMOID
SIGMOID
SIGMOID
SIGMOID
SIGMOID
SIGMOID
SIGMOID
SIGMOID
SIGMOID
SIGMOID
SIGMOID
SIGMOID
SIGMOID
SIGMOID
SIGMOID
SIGMOID
SIGMOID
SIGMOID
SIGMOID
SIGMOID
SIGMOID
SIGMOID
SIGMOID
SIGMOID
SIGMOID
SIGMOID
SIGMOID
SIGMOID
SIGMOID
SIGMOID
SIGMOID
SIGMOID
SIGMOID
SIGMOID
SIGMOID
SIGMOID
SIGMOID
SIGMOID
SIGMOID
SIGMOID
SIGMOID
SIGMOID
SIGMOID
SIGMOID
SIGMOID
SIGMOID
SIGMOID
SIGMOID
SIGMOID
SIGMOID
SIGMOID
SIGMOID
SIGMOID
SIGMOID
SIGMOID
SIGMOID
SIGMOID
SIGMOID
SIGMOID
SIGMOID
GAUSSIAN
GAUSSIAN
GAUSSIAN
18 0 1 2 3 4 5 6 7 8 9 10 11 12 13 14 15 16 17
# input_soma output_soma weight
synapse 3328
0 36 20.8005
0 37 15.601
0 38 -18.2131
0 39 4.49708
0 40 -10.7694
0 41 31.5396
0 42 -39.78
0 43 -47.9779
0 44 7.66017
0 45 13.115
0 46 38.8533
0 47 5.63994
0 48 8.76988
0 49 29.1454
0 50 17.9739
0 51 -47.2924
0 52 -24.498
0 53 -3.73243
0 54 -6.2579
0 55 27.3868
0 56 5.52784
0 57 -28.279
0 58 47.2118
0 59 2.38652
0 60 -7.43107
0 61 -1.43464
0 62 -8.01429
0 63 -20.4261
0 64 4.03789
0 65 -16.8316
0 66 0.64392
0 67 22.5854
0 68 -7.59228
0 69 -7.38675
0 70 1.30717
0 71 -21.8823
1 36 16.2727
1 37 -27.1385
1 38 -5.65224
1 39 20.7672
1 40 15.921
1 41 -6.38136
1 42 5.23161
1 43 13.1627
1 44 -21.7881
1 45 3.3446
1 46 2.28021
1 47 33.2165
1 48 2.21106
1 49 5.72945
1 50 -16.4073
1 51 -3.62936
1 52 -23.2169
1 53 1.13309
1 54 -40.7127
1 55 -15.9291
1 56 54.1012
1 57 19.1866
1 58 26.162
1 59 -9.04906
1 60 -12.2799
1 61 9.74737
1 62 10.5285
1 63 -12.1153
1 64 -36.4544
1 65 14.9019
1 66 -0.238721
1 67 1.53991
1 68 -15.7008
1 69 32.2319
1 70 -11.2369
1 71 -3.74746
2 36 2.26168
2 37 8.07177
2 38 -32.7025
2 39 42.2582
2 40 -8.95172
2 41 -18.2746
2 42 -24.2869
2 43 -11.6484
2 44 -1.97417
2 45 52.8943
2 46 23.9033
2 47 33.1198
2 48 13.4164
2 49 -6.2591
2 50 -11.6483
2 51 2.40983
2 52 13.2194
2 53 4.25506
2 54 22.3685
2 55 4.3958
2 56 35.5175
2 57 -0.70296
2 58 -8.88299
2 59 12.3497
2 60 22.6587
2 61 41.4119
2 62 -0.940157
2 63 17.4165
2 64 4.32534
2 65 -15.9242
2 66 32.5687
2 67 -11.9939
2 68 -19.4665
2 69 7.76551
2 70 -8.9547
2 71 24.7882
3 36 24.6624
3 37 -26.167
3 38 -23.8518
3 39 -11.8764
3 40 -16.2382
3 41 34.3777
3 42 28.1749
3 43 -21.9513
3 44 20.4976
3 45 -18.0977
3 46 -35.6079
3 47 -27.1708
3 48 -11.792
3 49 -5.00737
3 50 -20.4354
3 51 -3.89336
3 52 29.7064
3 53 -5.55675
3 54 -39.9894
3 55 2.1049
3 56 -2.86944
3 57 -20.5519
3 58 10.5205
3 59 -1.20744
3 60 -18.0756
3 61 -6.34802
3 62 1.23919
3 63 25.5895
3 64 -10.6502
3 65 14.5449
3 66 -23.6586
3 67 2.54308
3 68 -46.1854
3 69 -10.118
3 70 7.96078
3 71 -31.3981
4 36 6.63294
4 37 37.1416
4 38 -2.01103
4 39 -25.3934
4 40 14.9024
4 41 41.3747
4 42 9.93986
4 43 -12.5918
4 44 -12.4452
4 45 -21.3577
4 46 20.5471
4 47 -30.8436
4 48 -28.037
4 49 16.0784
4 50 15.5768
4 51 -9.03296
4 52 12.4847
4 53 -38.4571
4 54 -46.0194
4 55 20.1873
4 56 4.89436
4 57 29.0017
4 58 28.2545
4 59 1.92135
4 60 4.82444
4 61 22.1732
4 62 7.52076
4 63 -1.92712
4 64 -4.29964
4 65 32.3691
4 66 -29.5319
4 67 19.5368
4 68 -15.7817
4 69 -6.70083
4 70 25.748
4 71 17.4941
5 36 3.8308
5 37 -5.13195
5 38 10.2115
5 39 -2.72126
5 40 11.5197
5 41 28.0442
5 42 -14.962
5 43 26.6178
5 44 -0.208533
5 45 0.99292
5 46 -7.05825
5 47 14.2108
5 48 16.8912
5 49 -4.64313
5 50 -34.2023
5 51 14.0053
5 52 -8.43068
5 53 -28.4863
5 54 11.049
5 55 7.2496
5 56 35.2633
5 57 -1.78381
5 58 -19.1878
5 59 18.5872
5 60 -7.30579
5 61 -18.0197
5 62 -42.5992
5 63 -6.00186
5 64 0.945912
5 65 0.303042
5 66 5.06666
5 67 32.9372
5 68 -31.6923
5 69 16.0827
5 70 18.7485
5 71 33.8074
6 36 18.7217
6 37 12.6539
6 38 15.8697
6 39 -7.40912
6 40 -15.3041
6 41 6.23321
6 42 -17.9241
6 43 -1.92961
6 44 -31.4958
6 45 -30.5789
6 46 25.5832
6 47 -5.1141
6 48 11.1868
6 49 -0.135513
6 50 34.0847
6 51 -2.45394
6 52 -56.3434
6 53 -6.97904
6 54 50.9479
6 55 -5.54851
6 56 -19.013
6 57 7.61526
6 58 -26.0101
6 59 8.82215
6 60 21.5542
6 61 10.1857
6 62 7.50458
6 63 -9.20844
6 64 -36.2845
6 65 -8.84462
6 66 17.484
6 67 -17.4407
6 68 -4.67512
6 69 1.71451
6 70 -13.8461
6 71 -0.643601
7 36 -33.0492
7 37 5.52095
7 38 -16.2689
7 39 23.8335
7 40 2.58166
7 41 5.5455
7 42 -0.0200359
7 43 -27.5866
7 44 -25.6024
7 45 4.52126
7 46 14.2489
7 47 -15.6146
7 48 -11.029
7 49 18.6395
7 50 5.79707
7 51 3.18772
7 52 -2.13187
7 53 4.82561
7 54 34.9694
7 55 22.5374
7 56 27.242
7 57 -6.53038
7 58 -22.054
7 59 41.4423
7 60 -3.30204
7 61 28.3888
7 62 3.88036
7 63 0.147835
7 64 6.42741
7 65 3.94013
7 66 -29.9257
7 67 -7.86619
7 68 -40.1719
7 69 -38.0878
7 70 -7.74867
7 71 -25.0544
8 36 6.16507
8 37 16.5807
8 38 -37.914
8 39 -11.8948
8 40 -8.45147
8 41 21.441
8 42 10.361
8 43 67.248
8 44 -32.7289
8 45 -38.1426
8 46 -18.8775
8 47 -23.7462
8 48 -17.765
8 49 -2.07501
8 50 22.6388
8 51 6.50558
8 52 18.8459
8 53 -24.3369
8 54 -5.58202
8 55 9.53904
8 56 21.3418
8 57 30.1857
8 58 -50.1828
8 59 3.76879
8 60 30.8784
8 61 26.0615
8 62 -0.702118
8 63 7.90829
8 64 39.1781
8 65 -13.7007
8 66 -9.44071
8 67 -8.04471
8 68 -7.12856
8 69 29.2059
8 70 21.5228
8 71 -7.45378
9 36 -12.4796
9 37 8.05969
9 38 -23.227
9 39 -38.7036
9 40 5.08496
9 41 -0.250594
9 42 18.1152
9 43 19.2076
9 44 -26.4246
9 45 -20.7087
9 46 39.3133
9 47 -17.0067
9 48 33.0103
9 49 0.870427
9 50 -11.8212
9 51 -26.2766
9 52 -18.9456
9 53 -9.20084
9 54 -13.7611
9 55 0.347299
9 56 4.01299
9 57 7.59157
9 58 17.5402
9 59 -23.2294
9 60 23.2177
9 61 27.2956
9 62 -11.7262
9 63 53.9309
9 64 14.3815
9 65 -1.91148
9 66 13.562
9 67 -41.97
9 68 20.4889
9 69 14.8099
9 70 -10.9501
9 71 -9.20724
10 36 3.58418
10 37 -15.7398
10 38 -22.1664
10 39 28.7013
10 40 -24.1194
10 41 -22.4066
10 42 -19.3299
10 43 1.72811
10 44 -42.9692
10 45 22.6574
10 46 -11.7056
10 47 13.1553
10 48 -35.5419
10 49 25.0549
10 50 4.44239
10 51 -11.0127
10 52 -6.22906
10 53 4.67195
10 54 19.366
10 55 17.1958
10 56 -55.3069
10 57 -20.9028
10 58 8.89714
10 59 12.8029
10 60 -23.5951
10 61 3.97286
10 62 19.3121
10 63 -13.6719
10 64 -27.8356
10 65 55.5577
10 66 7.04865
10 67 -30.3531
10 68 -14.1993
10 69 -29.7474
10 70 18.1582
10 71 -2.50203
11 36 -2.79633
11 37 -16.3012
11 38 -17.2492
11 39 -6.68568
11 40 -8.82495
11 41 10.3885
11 42 4.85901
11 43 -17.7053
11 44 -10.0023
11 45 -32.672
11 46 0.442322
11 47 -22.076
11 48 5.28834
11 49 -25.665
11 50 20.4654
11 51 16.8598
11 52 -23.8203
11 53 10.726
11 54 -30.1465
11 55 -22.5144
11 56 -32.9731
11 57 8.01977
11 58 -1.03623
11 59 -26.4855
11 60 5.60857
11 61 20.9481
11 62 2.76092
11 63 3.13625
11 64 -7.95228
11 65 -31.8207
11 66 -3.87658
11 67 20.4308
11 68 -7.21239
11 69 -18.0857
11 70 36.9627
11 71 -3.67053
12 36 -15.7839
12 37 13.9543
12 38 11.8703
12 39 21.3068
12 40 -21.8788
12 41 -12.9186
12 42 14.9991
12 43 6.65239
12 44 23.1241
12 45 -9.33294
12 46 5.1241
12 47 -8.33554
12 48 -9.23914
12 49 31.1419
12 50 -38.1035
12 51 52.8834
12 52 -57.622
12 53 -5.82994
12 54 -24.0528
12 55 8.31613
12 56 -21.1608
12 57 33.4082
12 58 -25.0305
12 59 -10.4736
12 60 -0.66668
12 61 -9.7434
12 62 -0.325839
12 63 -7.78889
12 64 -18.2875
12 65 12.3285
12 66 -14.7695
12 67 -4.74519
12 68 -21.4601
12 69 12.8747
12 70 -28.4857
12 71 21.8573
13 36 11.9943
13 37 22.8416
13 38 23.5144
13 39 3.63348
13 40 18.4516
13 41 -17.0013
13 42 6.29923
13 43 4.04153
13 44 -20.835
13 45 13.012
13 46 -2.45768
13 47 -34.6021
13 48 -4.90231
13 49 35.1112
13 50 30.8257
13 51 -9.62871
13 52 -34.4424
13 53 -19.9616
13 54 4.719
13 55 66.1505
13 56 47.63
13 57 13.6132
13 58 -32.8481
13 59 -19.5978
13 60 28.4365
13 61 -26.1858
13 62 29.6413
13 63 -13.5966
13 64 -7.39958
13 65 -15.5516
13 66 22.1163
13 67 -33.5231
13 68 -20.7803
13 69 0.742371
13 70 20.9683
13 71 12.1978
14 36 5.23447
14 37 38.6762
14 38 -2.9983
14 39 -18.7275
14 40 26.3581
14 41 -28.7317
14 42 12.3993
14 43 41.0374
14 44 -57.8111
14 45 -39.4124
14 46 -6.96602
14 47 -2.44577
14 48 20.1378
14 49 -41.3543
14 50 -4.84131
14 51 24.5767
14 52 74.3142
14 53 26.7694
14 54 -21.9098
14 55 49.7542
14 56 0.733174
14 57 4.49621
14 58 25.5003
14 59 23.7707
14 60 -24.7581
14 61 -8.09945
14 62 0.953992
14 63 -31.6709
14 64 9.36729
14 65 -8.78901
14 66 7.20988
14 67 -18.7337
14 68 -31.2885
14 69 -9.36473
14 70 -34.0571
14 71 27.5636
15 36 -30.8481
15 37 28.0871
15 38 13.9257
15 39 5.58815
15 40 6.16218
15 41 11.7094
15 42 34.6854
15 43 20.7001
15 44 8.82688
15 45 18.0905
15 46 0.592267
15 47 -13.1529
15 48 25.5597
15 49 15.2297
15 50 15.0452
15 51 -12.8087
15 52 -7.11895
15 53 -30.5638
15 54 -24.4191
15 55 -12.4323
15 56 -28.7737
15 57 34.6422
15 58 -19.5345
15 59 -1.87804
15 60 -9.1083
15 61 -9.05613
15 62 -5.18999
15 63 -15.4659
15 64 6.75636
15 65 36.1297
15 66 10.3323
15 67 8.6688
15 68 37.4591
15 69 6.34661
15 70 -0.865047
15 71 -2.82804
16 36 -25.6885
16 37 49.6512
16 38 14.5051
16 39 -22.0551
16 40 -34.4787
16 41 57.327
16 42 -5.55379
16 43 37.3577
16 44 -44.4966
16 45 39.5387
16 46 17.4374
16 47 -13.5193
16 48 14.711
16 49 13.1348
16 50 39.7478
16 51 -20.3509
16 52 -0.993232
16 53 -7.13612
16 54 10.4861
16 55 -11.0566
16 56 7.15447
16 57 -32.2236
16 58 -39.3347
16 59 -3.89765
16 60 -15.895
16 61 12.5353
16 62 -32.5006
16 63 -34.6144
16 64 -17.3024
16 65 28.9042
16 66 49.0217
16 67 -6.47262
16 68 10.2739
16 69 25.8573
16 70 21.3632
16 71 -15.5798
17 36 2.9343
17 37 -38.2047
17 38 -37.9687
17 39 -31.1055
17 40 12.8367
17 41 9.46432
17 42 10.2847
17 43 31.5795
17 44 10.2296
17 45 -22.2026
17 46 -15.9301
17 47 10.3465
17 48 11.3154
17 49 -39.5193
17 50 -9.30749
17 51 16.1594
17 52 3.13106
17 53 -49.3137
17 54 -10.8419
17 55 8.20536
17 56 -56.2096
17 57 -4.46164
17 58 -7.67197
17 59 30.1676
17 60 -14.4713
17 61 21.1699
17 62 8.61736
17 63 -17.8512
17 64 -11.9242
17 65 8.7194
17 66 18.5681
17 67 18.8466
17 68 6.44555
17 69 0.663074
17 70 -12.7776
17 71 -50.483
18 36 -10.814
18 37 -32.0836
18 38 46.4452
18 39 -21.08
18 40 1.70468
18 41 -49.5006
18 42 -5.23159
18 43 29.8567
18 44 -11.9917
18 45 4.36512
18 46 61.2832
18 47 13.6601
18 48 28.5927
18 49 -11.4347
18 50 -36.8683
18 51 15.2662
18 52 30.9137
18 53 28.061
18 54 -5.35752
18 55 -45.0053
18 56 -39.5813
18 57 4.92514
18 58 -11.1296
18 59 -36.937
18 60 10.4419
18 61 28.3331
18 62 -6.34027
18 63 -22.3965
18 64 -1.07991
18 65 16.7465
18 66 0.953786
18 67 -10.5762
18 68 11.4512
18 69 25.5622
18 70 -14.1739
18 71 7.58112
19 36 -28.5761
19 37 19.8027
19 38 -4.42275
19 39 -37.291
19 40 6.81713
19 41 -4.58847
19 42 51.6647
19 43 19.5616
19 44 -61.1921
19 45 -6.37973
19 46 -13.6333
19 47 14.3423
19 48 9.21574
19 49 6.94172
19 50 -12.7218
19 51 10.9985
19 52 -33.4149
19 53 0.12793
19 54 -13.8999
19 55 3.16578
19 56 11.3164
19 57 -15.6809
19 58 3.27159
19 59 0.0798935
19 60 53.8972
19 61 13.1691
19 62 -15.1558
19 63 -19.373
19 64 29.4379
19 65 -15.284
19 66 7.9327
19 67 -1.70325
19 68 6.91745
19 69 -20.6993
19 70 30.6644
19 71 -12.0703
20 36 -11.1993
20 37 -9.31285
20 38 8.17951
20 39 43.8659
20 40 7.92871
20 41 7.24272
20 42 -32.147
20 43 -3.65642
20 44 -21.4941
20 45 -33.1889
20 46 23.0419
20 47 30.221
20 48 -7.5694
20 49 -25.0391
20 50 -12.5225
20 51 10.4898
20 52 -3.51173
20 53 5.90307
20 54 -35.2029
20 55 -29.7346
20 56 -22.0579
20 57 29.788
20 58 -20.9624
20 59 0.324979
20 60 24.8253
20 61 -6.29016
20 62 25.4924
20 63 -12.1825
20 64 -0.551048
20 65 3.9711
20 66 -4.14618
20 67 -67.1148
20 68 -32.3318
20 69 8.67292
20 70 7.6961
20 71 48.9008
21 36 7.20237
21 37 53.842
21 38 -28.8365
21 39 -20.497
21 40 -5.35579
21 41 -45.6478
21 42 -40.4466
21 43 -17.7786
21 44 -18.5301
21 45 25.5328
21 46 -45.9191
21 47 48.0689
21 48 15.9773
21 49 7.34264
21 50 7.83374
21 51 4.38983
21 52 4.63696
21 53 -13.6183
21 54 2.15026
21 55 -25.0787
21 56 18.7019
21 57 -23.2589
21 58 -23.4358
21 59 -51.3096
21 60 14.2384
21 61 -44.7976
21 62 15.387
21 63 -40.2171
21 64 -5.57465
21 65 -24.335
21 66 -39.8319
21 67 -16.9762
21 68 -23.2429
21 69 52.5431
21 70 -10.3362
21 71 8.72791
22 36 0.0658938
22 37 -0.0932525
22 38 -7.47883
22 39 -12.4389
22 40 -27.3606
22 41 -8.86164
22 42 -19.3377
22 43 -14.4005
22 44 10.8188
22 45 -20.0358
22 46 -28.1303
22 47 5.13267
22 48 36.2751
22 49 -11.4961
22 50 -0.646559
22 51 -50.4215
22 52 -2.53657
22 53 28.3309
22 54 9.3311
22 55 -12.9698
22 56 -21.1007
22 57 7.28876
22 58 -0.384116
22 59 -7.43535
22 60 -10.2099
22 61 -14.0768
22 62 -2.04882
22 63 -7.1273
22 64 -29.1092
22 65 -2.05302
22 66 13.6404
22 67 -8.73573
22 68 22.8954
22 69 9.58937
22 70 -64.4628
22 71 -23.8089
23 36 -0.108118
23 37 0.337965
23 38 18.1086
23 39 -5.52118
23 40 36.1888
23 41 45.6287
23 42 -2.91287
23 43 10.7844
23 44 -51.4603
23 45 -32.9517
23 46 11.3118
23 47 -13.2397
23 48 -4.17131
23 49 -28.4321
23 50 20.2821
23 51 5.41544
23 52 -25.3124
23 53 8.65115
23 54 53.7794
23 55 8.15182
23 56 -14.3225
23 57 15.7014
23 58 8.56888
23 59 40.0283
23 60 18.7684
23 61 -52.6677
23 62 29.4724
23 63 31.9394
23 64 -7.52583
23 65 -16.6128
23 66 18.2448
23 67 24.7356
23 68 14.7345
23 69 -4.6793
23 70 -6.16233
23 71 1.38723
24 36 -12.9332
24 37 24.5727
24 38 17.6129
24 39 -3.83151
24 40 -40.4155
24 41 5.02459
24 42 -25.7985
24 43 15.9401
24 44 -34.4818
24 45 19.9416
24 46 3.26866
24 47 31.6159
24 48 21.8871
24 49 -17.2767
24 50 2.04883
24 51 20.4426
24 52 42.3988
24 53 4.44802
24 54 -20.5464
24 55 3.1293
24 56 37.0592
24 57 -28.5032
24 58 -21.554
24 59 -2.71535
24 60 13.8031
24 61 20.9607
24 62 10.9329
24 63 7.70474
24 64 63.5681
24 65 -25.3868
24 66 -22.4324
24 67 19.6366
24 68 6.36661
24 69 22.6253
24 70 -8.37732
24 71 5.05355
25 36 30.7509
25 37 -7.35914
25 38 10.243
25 39 -0.599423
25 40 -0.783847
25 41 -14.0023
25 42 -3.51158
25 43 2.59606
25 44 33.579
25 45 -21.4543
25 46 5.29677
25 47 -1.0812
25 48 19.4794
25 49 -23.9157
25 50 -1.38756
25 51 -36.2845
25 52 11.5544
25 53 7.95213
25 54 8.45635
25 55 -0.491147
25 56 -43.68
25 57 21.5229
25 58 14.0342
25 59 5.08978
25 60 -28.5045
25 61 18.7691
25 62 16.4632
25 63 0.317912
25 64 -24.5323
25 65 1.28914
25 66 29.3898
25 67 3.26613
25 68 -40.1411
25 69 -32.5133
25 70 2.10525
25 71 -14.2356
26 36 -21.9262
26 37 36.2609
26 38 14.6335
26 39 -39.4664
26 40 -20.6188
26 41 10.8995
26 42 26.7329
26 43 -18.4295
26 44 -19.6453
26 45 -21.3454
26 46 -1.19294
26 47 23.1813
26 48 -8.6929
26 49 -4.12931
26 50 12.4318
26 51 -16.6498
26 52 4.12362
26 53 -56.8684
26 54 12.7661
26 55 15.9029
26 56 -25.5216
26 57 -39.8547
26 58 -6.66968
26 59 26.8897
26 60 20.2495
26 61 20.1984
26 62 28.1438
26 63 -15.6635
26 64 -0.45843
26 65 -7.57413
26 66 -21.6749
26 67 3.58873
26 68 1.98154
26 69 11.1146
26 70 14.4605
26 71 -2.58694
27 36 37.3567
27 37 -4.74385
27 38 4.40059
27 39 -1.63904
27 40 6.57939
27 41 14.9788
27 42 37.9565
27 43 25.426
27 44 -16.0439
27 45 1.68622
27 46 16.7418
27 47 -23.5334
27 48 -28.0958
27 49 10.2661
27 50 -52.306
27 51 51.4632
27 52 -13.9543
27 53 -14.5996
27 54 46.5096
27 55 -10.169
27 56 -5.48227
27 57 15.1413
27 58 -21.4782
27 59 7.13365
27 60 -70.2561
27 61 -35.1047
27 62 6.47062
27 63 5.16937
27 64 -2.78458
27 65 18.8546
27 66 25.9322
27 67 5.34255
27 68 17.5324
27 69 6.64732
27 70 24.0083
27 71 21.9071
28 36 -1.17958
28 37 -15.053
28 38 -11.9833
28 39 27.6605
28 40 52.658
28 41 7.01556
28 42 1.78104
28 43 35.2821
28 44 -37.7394
28 45 -39.033
28 46 19.1676
28 47 -44.9789
28 48 -34.1638
28 49 10.989
28 50 -14.2523
28 51 -14.8285
28 52 -0.865981
28 53 23.3605
28 54 -10.7119
28 55 15.6124
28 56 -3.59587
28 57 0.482178
28 58 -6.67362
28 59 17.8931
28 60 4.03633
28 61 4.46013
28 62 -22.31
28 63 30.4752
28 64 18.7358
28 65 3.08261
28 66 -3.5358
28 67 -34.0373
28 68 -10.1805
28 69 -6.56441
28 70 -15.5089
28 71 14.6614
29 36 9.30311
29 37 -31.4442
29 38 12.7367
29 39 31.8158
29 40 -34.8285
29 41 -17.6632
29 42 17.8482
29 43 21.7875
29 44 11.2168
29 45 -5.12817
29 46 -0.197077
29 47 -1.72805
29 48 -31.1202
29 49 15.5151
29 50 32.2537
29 51 32.9244
29 52 19.4387
29 53 -11.903
29 54 -7.07756
29 55 42.529
29 56 -25.7452
29 57 -10.0062
29 58 8.66848
29 59 -15.5111
29 60 36.5951
29 61 -7.00466
29 62 16.725
29 63 -0.52928
29 64 -4.32741
29 65 -2.20769
29 66 -41.5343
29 67 -9.86995
29 68 -12.7183
29 69 5.43053
29 70 15.196
29 71 15.1957
30 36 18.6873
30 37 -49.7267
30 38 19.841
30 39 5.93924
30 40 43.8197
30 41 11.6587
30 42 15.0086
30 43 -27.15
30 44 19.7174
30 45 3.62261
30 46 -23.0989
30 47 13.7671
30 48 19.4189
30 49 -43.5143
30 50 9.55352
30 51 -23.4298
30 52 -31.1646
30 53 18.409
30 54 11.736
30 55 -29.7492
30 56 2.13491
30 57 -23.3565
30 58 15.0965
30 59 5.72371
30 60 -16.7114
30 61 14.1947
30 62 -1.0252
30 63 -28.1434
30 64 -24.6818
30 65 -13.3148
30 66 36.2183
30 67 -9.997
30 68 23.5733
30 69 10.9113
30 70 -3.05096
30 71 -7.73798
31 36 -10.2691
31 37 -26.2888
31 38 4.01107
31 39 28.0517
31 40 29.938
31 41 35.5126
31 42 28.4354
31 43 -32.6394
31 44 -2.18875
31 45 -10.9637
31 46 25.9648
31 47 3.42896
31 48 -1.63456
31 49 -11.3357
31 50 9.1558
31 51 27.2659
31 52 -23.315
31 53 -5.0762
31 54 -17.1427
31 55 -17.2152
31 56 -14.3464
31 57 56.7478
31 58 17.9996
31 59 24.4082
31 60 -6.89969
31 61 14.346
31 62 -5.82422
31 63 13.0871
31 64 -20.9647
31 65 33.0363
31 66 0.622159
31 67 11.6651
31 68 30.6296
31 69 -9.15827
31 70 -1.92928
31 71 -35.9066
32 36 -14.575
32 37 -18.7151
32 38 -11.3415
32 39 -19.6535
32 40 1.16258
32 41 -13.7532
32 42 3.05383
32 43 -16.1641
32 44 16.0898
32 45 37.6526
32 46 27.2441
32 47 -0.108477
32 48 2.62966
32 49 20.9725
32 50 17.3929
32 51 -32.1637
32 52 -3.74276
32 53 -7.29705
32 54 -1.3823
32 55 -3.05256
32 56 -4.00048
32 57 7.22201
32 58 18.067
32 59 -16.9956
32 60 27.6745
32 61 -0.573234
32 62 57.0817
32 63 -20.8844
32 64 0.328496
32 65 10.7645
32 66 -11.9532
32 67 -26.7181
32 68 -3.02897
32 69 6.0707
32 70 5.24873
32 71 -4.77106
33 36 -30.8183
33 37 -7.28491
33 38 -1.78598
33 39 2.10104
33 40 25.5514
33 41 -32.1359
33 42 -16.752
33 43 -19.2085
33 44 7.38179
33 45 12.432
33 46 16.9059
33 47 -28.5462
33 48 39.2893
33 49 41.3306
33 50 -36.8218
33 51 10.4347
33 52 37.4197
33 53 14.8637
33 54 13.5013
33 55 2.04273
33 56 -7.38876
33 57 23.7352
33 58 16.4727
33 59 -19.0078
33 60 -31.9681
33 61 -12.2521
33 62 5.84454
33 63 6.01088
33 64 3.07323
33 65 13.9221
33 66 -26.3462
33 67 -16.3287
33 68 -9.95912
33 69 4.9711
33 70 -41.2608
33 71 -10.5389
34 36 -6.13998
34 37 33.1684
34 38 22.5834
34 39 15.396
34 40 -45.7498
34 41 -3.20362
34 42 16.7849
34 43 -36.6084
34 44 -0.903154
34 45 14.3916
34 46 -0.124248
34 47 17.6481
34 48 -20.3558
34 49 -37.9754
34 50 -30.9844
34 51 -13.2994
34 52 15.0144
34 53 -13.266
34 54 41.5849
34 55 15.8983
34 56 22.7371
34 57 -24.5523
34 58 -27.5023
34 59 -14.9897
34 60 6.27682
34 61 -3.93869
34 62 -8.10467
34 63 -29.8798
34 64 -5.88196
34 65 -2.91606
34 66 -37.5411
34 67 29.6172
34 68 10.9881
34 69 0.489951
34 70 -13.5215
34 71 2.96961
35 36 -13.3703
35 37 3.02084
35 38 27.3583
35 39 -17.696
35 40 -72.1354
35 41 -6.63484
35 42 -4.76708
35 43 7.62072
35 44 -29.2593
35 45 28.0784
35 46 -12.4226
35 47 -13.6478
35 48 -17.3522
35 49 -25.1088
35 50 -33.1607
35 51 -18.7151
35 52 -1.03669
35 53 -1.56388
35 54 15.0076
35 55 4.71569
35 56 48.5119
35 57 4.33052
35 58 1.72371
35 59 -18.2841
35 60 -47.8127
35 61 50.2191
35 62 -15.2346
35 63 -9.68467
35 64 -17.4979
35 65 23.5779
35 66 10.8445
35 67 -50.6663
35 68 -16.5769
35 69 -28.2834
35 70 1.29967
35 71 41.0017
36 72 0.630701
36 73 4.31953
36 74 7.68201
36 75 3.79697
36 76 9.81402
36 77 -22.6026
36 78 2.88324
36 79 1.36527
36 80 -2.85616
36 81 -11.7389
36 82 -3.86811
36 83 -32.8855
36 84 28.5731
36 85 11.6287
36 86 40.8871
36 87 -2.63945
36 88 -13.7684
36 89 22.8414
36 90 35.013
36 91 -17.0221
36 92 -48.234
36 93 8.05102
36 94 -2.48349
36 95 -7.29085
36 96 -13.5133
36 97 1.51922
36 98 17.7075
36 99 -34.092
36 100 -11.0463
36 101 -12.1793
36 102 50.1795
36 103 12.9609
36 104 -22.6998
36 105 -7.62246
36 106 40.3065
36 107 -44.8758
37 72 36.2094
37 73 17.1765
37 74 43.967
37 75 -28.3881
37 76 -19.0365
37 77 26.1451
37 78 -1.50616
37 79 -16.0416
37 80 -27.017
37 81 17.8884
37 82 38.7917
37 83 -14.844
37 84 28.5244
37 85 27.3459
37 86 -12.9253
37 87 25.9564
37 88 17.7928
37 89 56.7097
37 90 -10.1213
37 91 5.48277
37 92 14.7653
37 93 -21.0006
37 94 2.26221
37 95 21.8288
37 96 -30.5546
37 97 14.2568
37 98 12.7321
37 99 -59.4682
37 100 -6.88934
37 101 35.3336
37 102 -5.28903
37 103 -83.4249
37 104 -63.3141
37 105 -21.2297
37 106 17.7237
37 107 13.3548
38 72 -10.3191
38 73 -19.5204
38 74 56.3432
38 75 22.9338
38 76 45.3167
38 77 -6.04481
38 78 -20.1449
38 79 32.4954
38 80 15.6137
38 81 20.9497
38 82 -13.5057
38 83 7.20188
38 84 -24.1951
38 85 -4.48685
38 86 15.2956
38 87 -58.5577
38 88 -22.8807
38 89 -12.0668
38 90 -21.0437
38 91 -13.8913
38 92 37.942
38 93 -12.0756
38 94 19.0012
38 95 -5.51389
38 96 -17.0137
38 97 28.4384
38 98 1.39596
38 99 -8.3773
38 100 36.1511
38 101 -9.12974
38 102 -6.41436
38 103 -21.7499
38 104 -23.6601
38 105 -0.510889
38 106 -14.6422
38 107 4.90287
39 72 -31.8591
39 73 -18.086
39 74 -10.7127
39 75 31.1042
39 76 -21.3407
39 77 10.5781
39 78 -8.91005
39 79 -15.7777
39 80 41.6223
39 81 8.0835
39 82 -7.8706
39 83 27.2275
39 84 44.1111
39 85 16.5978
39 86 -23.4449
39 87 -13.7219
39 88 -2.21094
39 89 4.87289
39 90 0.249661
39 91 -31.7203
39 92 -8.40805
39 93 23.6044
39 94 3.65853
39 95 21.2238
39 96 -15.2981
39 97 50.5992
39 98 27.9614
39 99 1.79416
39 100 25.9317
39 101 -0.182063
39 102 -20.4005
39 103 21.216
39 104 8.81544
39 105 -17.4869
39 106 9.24764
39 107 -20.7172
40 72 48.9368
40 73 4.00844
40 74 -44.9906
40 75 -12.3513
40 76 -11.1276
40 77 34.448
40 78 -5.12531
40 79 -21.3994
40 80 3.65059
40 81 36.2011
40 82 -9.41243
40 83 22.3263
40 84 -8.09228
40 85 -18.0524
40 86 -4.09992
40 87 -3.50386
40 88 35.3433
40 89 29.8346
40 90 12.1734
40 91 12.496
40 92 -12.3086
40 93 -48.6886
40 94 -34.3987
40 95 -41.8419
40 96 -13.5308
40 97 -20.8449
40 98 -13.8275
40 99 6.88855
40 100 16.1954
40 101 -5.08996
40 102 -6.70672
40 103 27.1309
40 104 -11.3531
40 105 0.150148
40 106 -21.8436
40 107 8.61496
41 72 19.7791
41 73 -22.9948
41 74 21.6107
41 75 -10.8807
41 76 17.777
41 77 40.2846
41 78 -17.7523
41 79 5.86673
41 80 5.64996
41 81 -2.53466
41 82 16.8016
41 83 -1.16717
41 84 -22.2834
41 85 6.52366
41 86 6.38129
41 87 -4.87445
41 88 -5.2012
41 89 19.5891
41 90 -16.7523
41 91 5.73612
41 92 21.4097
41 93 21.2614
41 94 21.5632
41 95 -28.9296
41 96 -19.1854
41 97 -3.33494
41 98 -16.7703
41 99 -23.2941
41 100 45.2593
41 101 -6.42533
41 102 12.9113
41 103 -13.5463
41 104 -12.5189
41 105 21.0892
41 106 -9.5535
41 107 9.58262
42 72 2.83719
42 73 -5.8341
42 74 -42.2703
42 75 14.2203
42 76 -18.8093
42 77 -19.6523
42 78 19.1787
42 79 -5.30243
42 80 8.65702
42 81 22.6916
42 82 0.611605
42 83 -20.9162
42 84 6.69571
42 85 -45.0166
42 86 -31.7189
42 87 -11.3213
42 88 -14.105
42 89 -28.5942
42 90 44.9666
42 91 45.429
42 92 -0.285692
42 93 -39.4192
42 94 -23.4919
42 95 21.0317
42 96 18.0721
42 97 12.205
42 98 22.187
42 99 26.319
42 100 -5.32774
42 101 -30.6512
42 102 23.9456
42 103 -12.1829
42 104 22.029
42 105 -27.814
42 106 2.80821
42 107 -17.1728
43 72 16.444
43 73 -26.3054
43 74 21.0451
43 75 31.9253
43 76 -15.3886
43 77 22.3995
43 78 6.04749
43 79 15.2376
43 80 60.0269
43 81 -18.6183
43 82 2.84516
43 83 -0.4994
43 84 -8.67466
43 85 -0.404516
43 86 19.5054
43 87 7.24706
43 88 25.4979
43 89 -6.88673
43 90 1.71218
43 91 25.4278
43 92 -20.8438
43 93 3.91073
43 94 9.53189
43 95 -18.4201
43 96 -6.49137
43 97 22.1604
43 98 31.9678
43 99 48.8512
43 100 64.2003
43 101 3.43384
43 102 -40.8337
43 103 -15.8263
43 104 -34.1286
43 105 -23.9303
43 106 -17.2205
43 107 -9.91518
44 72 -2.80921
44 73 -6.92737
44 74 -1.8164
44 75 22.1344
44 76 -29.4398
44 77 32.5601
44 78 -32.664
44 79 -39.9129
44 80 27.1804
44 81 6.38525
44 82 -6.73239
44 83 -6.94162
44 84 -37.7934
44 85 29.7471
44 86 2.85262
44 87 -27.6502
44 88 5.60259
44 89 -52.3242
44 90 13.2145
44 91 -31.6315
44 92 0.149953
44 93 2.72211
44 94 -1.48861
44 95 2.2562
44 96 15.951
44 97 18.2816
44 98 36.7769
44 99 58.0237
44 100 -4.06988
44 101 -0.787831
44 102 1.4916
44 103 42.6348
44 104 -9.3255
44 105 -46.9681
44 106 5.57842
44 107 -31.3891
45 72 33.1866
45 73 -25.6132
45 74 -24.9271
45 75 14.3762
45 76 8.4786
45 77 21.6839
45 78 32.3782
45 79 -25.1097
45 80 -0.538602
45 81 20.5793
45 82 -7.78323
45 83 -16.0781
45 84 -7.83034
45 85 12.9827
45 86 -10.6378
45 87 -37.8364
45 88 -3.30471
45 89 35.338
45 90 45.6874
45 91 -0.0343901
45 92 37.3359
45 93 -6.86635
45 94 20.8661
45 95 35.634
45 96 -15.4203
45 97 9.44288
45 98 -23.2239
45 99 -5.37635
45 100 22.732
45 101 -12.8136
45 102 -27.9596
45 103 37.0909
45 104 14.0548
45 105 -42.1703
45 106 -7.95158
45 107 -34.7251
46 72 5.04423
46 73 -15.4577
46 74 -3.49621
46 75 -46.1622
46 76 -16.2956
46 77 -17.9565
46 78 15.5065
46 79 -13.1776
46 80 14.0768
46 81 5.97541
46 82 -0.615837
46 83 -31.8652
46 84 11.0599
46 85 9.35252
46 86 -14.4846
46 87 -3.53729
46 88 46.9756
46 89 37.9138
46 90 6.23645
46 91 -11.0552
46 92 -58.0162
46 93 -55.9163
46 94 14.6049
46 95 -15.9467
46 96 -4.67441
46 97 -39.2962
46 98 -7.45988
46 99 -23.3299
46 100 -33.5481
46 101 7.17434
46 102 -14.7547
46 103 -63.6699
46 104 53.6106
46 105 18.8052
46 106 23.6984
46 107 8.80635
47 72 -19.186
47 73 3.63752
47 74 6.69549
47 75 -21.7621
47 76 -32.0515
47 77 24.0754
47 78 13.4032
47 79 26.0394
47 80 7.83482
47 81 -6.41762
47 82 -7.67063
47 83 -4.45286
47 84 -34.564
47 85 -12.6894
47 86 17.1225
47 87 21.9415
47 88 22.261
47 89 3.31936
47 90 -15.13
47 91 -20.7841
47 92 33.6681
47 93 -31.6805
47 94 46.0659
47 95 -46.4877
47 96 23.0166
47 97 0.0263382
47 98 14.8509
47 99 29.9013
47 100 -10.1707
47 101 16.8158
47 102 -7.96701
47 103 17.9107
47 104 -2.18262
47 105 -18.7284
47 106 4.6226
47 107 4.36304
48 72 -18.0058
48 73 -10.3332
48 74 28.6973
48 75 30.6211
48 76 7.94872
48 77 -0.608976
48 78 -18.3499
48 79 38.2433
48 80 26.4002
48 81 8.6618
48 82 -3.77283
48 83 -1.64527
48 84 -44.1227
48 85 20.1418
48 86 -2.80694
48 87 -31.7037
48 88 9.76163
48 89 -30.5424
48 90 -27.7716
48 91 -0.997955
48 92 8.1818
48 93 -7.5172
48 94 -8.02824
48 95 12.8925
48 96 -21.3145
48 97 24.2964
48 98 10.9487
48 99 60.4127
48 100 17.5261
48 101 -0.329316
48 102 -15.0413
48 103 -50.5703
48 104 -3.04977
48 105 31.2179
48 106 -15.187
48 107 7.63748
49 72 -17.2548
49 73 26.1958
49 74 -27.2525
49 75 2.99526
49 76 -71.6341
49 77 45.4407
49 78 11.6187
49 79 42.9098
49 80 8.26835
49 81 13.8856
49 82 -22.3204
49 83 15.3708
49 84 -2.09157
49 85 0.974322
49 86 41.4713
49 87 47.987
49 88 -2.86664
49 89 -23.1344
49 90 15.5053
49 91 -1.91073
49 92 10.089
49 93 2.73913
49 94 -28.4136
49 95 9.69722
49 96 2.9178
49 97 30.9558
49 98 5.85291
49 99 -25.0898
49 100 27.4357
49 101 -0.227571
49 102 -13.2442
49 103 5.68145
49 104 6.96811
49 105 36.8499
49 106 20.0926
49 107 22.7711
50 72 12.2929
50 73 6.6303
50 74 27.9845
50 75 6.65546
50 76 -12.5455
50 77 -9.23764
50 78 -26.4604
50 79 -11.4055
50 80 10.7872
50 81 -4.62189
50 82 1.77383
50 83 30.9953
50 84 12.826
50 85 -4.57846
50 86 4.74485
50 87 -18.4762
50 88 7.02659
50 89 13.2148
50 90 18.1687
50 91 22.826
50 92 9.93442
50 93 13.5274
50 94 4.2799
50 95 0.7808
50 96 7.46438
50 97 29.835
50 98 -15.272
50 99 0.761235
50 100 -17.0366
50 101 -56.173
50 102 -44.707
50 103 -0.128441
50 104 -39.6004
50 105 5.70162
50 106 1.76932
50 107 11.5311
51 72 -4.60206
51 73 9.78164
51 74 -8.33699
51 75 0.921307
51 76 8.26023
51 77 -4.84101
51 78 45.0231
51 79 41.9584
51 80 4.43805
51 81 5.32227
51 82 10.6719
51 83 20.5997
51 84 5.81651
51 85 35.943
51 86 -37.8408
51 87 13.7824
51 88 -3.49514
51 89 10.5551
51 90 26.8995
51 91 -38.7274
51 92 -13.6992
51 93 -39.8662
51 94 3.1392
51 95 -11.1243
51 96 32.0914
51 97 -29.3286
51 98 22.4987
51 99 -8.25606
51 100 22.998
51 101 -41.1476
51 102 -8.48907
51 103 -14.8136
51 104 -22.8552
51 105 -8.57015
51 106 -16.0576
51 107 15.6446
52 72 -20.4111
52 73 38.0971
52 74 -34.0874
52 75 6.90898
52 76 -29.9241
52 77 -38.1792
52 78 -27.0128
52 79 35.4944
52 80 -12.1229
52 81 2.50296
52 82 -3.54155
52 83 -17.1064
52 84 4.3985
52 85 -20.6226
52 86 -19.4589
52 87 -31.0741
52 88 -31.774
52 89 -22.4299
52 90 38.5342
52 91 5.42186
52 92 -4.71146
52 93 -3.59951
52 94 -13.4985
52 95 -19.1486
52 96 18.8909
52 97 -28.089
52 98 -1.70508
52 99 -4.58176
52 100 -12.8848
52 101 8.78504
52 102 28.0453
52 103 54.365
52 104 -6.445
52 105 -14.3255
52 106 -22.7033
52 107 -0.731181
53 72 -23.03
53 73 -4.6698
53 74 -0.0911948
53 75 -8.5377
53 76 12.3391
53 77 -0.47306
53 78 -27.0676
53 79 6.17372
53 80 27.6571
53 81 16.1854
53 82 -36.6352
53 83 -3.2361
53 84 -4.31214
53 85 -25.0999
53 86 -44.6471
53 87 21.2255
53 88 -37.9611
53 89 -12.869
53 90 31.3132
53 91 -12.9622
53 92 37.019
53 93 3.49485
53 94 5.3728
53 95 22.0687
53 96 -28.9141
53 97 42.5764
53 98 1.02173
53 99 21.2475
53 100 -4.46303
53 101 11.6955
53 102 -26.5262
53 103 5.59211
53 104 21.052
53 105 19.6591
53 106 3.41762
53 107 -40.7245
54 72 -10.3622
54 73 -1.1094
54 74 3.75228
54 75 43.5473
54 76 -37.7773
54 77 -25.2013
54 78 18.0357
54 79 -8.12015
54 80 -16.3018
54 81 11.3543
54 82 -39.576
54 83 0.459558
54 84 -2.00496
54 85 16.5953
54 86 -4.46623
54 87 -0.956476
54 88 1.92502
54 89 22.3091
54 90 -14.5149
54 91 12.2725
54 92 17.6737
54 93 -2.7304
54 94 -9.48837
54 95 1.37629
54 96 7.16753
54 97 -9.1217
54 98 -2.79552
54 99 -17.1396
54 100 19.4021
54 101 2.43464
54 102 39.5801
54 103 1.85226
54 104 -1.55298
54 105 -16.5223
54 106 -5.50471
54 107 -16.7203
55 72 -1.76911
55 73 3.63743
55 74 -5.24932
55 75 -5.42689
55 76 -20.4797
55 77 21.5324
55 78 8.96065
55 79 -20.6153
55 80 -23.8689
55 81 -6.06273
55 82 -13.1749
55 83 -9.66171
55 84 -27.7876
55 85 25.9884
55 86 43.5048
55 87 -1.59026
55 88 -5.38586
55 89 -34.93
55 90 30.3314
55 91 -42.5456
55 92 -2.12403
55 93 14.5276
55 94 29.0251
55 95 10.1283
55 96 32.0099
55 97 -18.7743
55 98 29.5246
55 99 5.87919
55 100 30.4071
55 101 1.82074
55 102 -50.6098
55 103 5.72308
55 104 7.9831
55 105 -0.313469
55 106 6.43379
55 107 -34.7332
56 72 -17.6781
56 73 7.60356
56 74 -7.80678
56 75 11.5753
56 76 0.746429
56 77 -18.2759
56 78 -17.2743
56 79 -3.20332
56 80 15.2313
56 81 22.9296
56 82 23.687
56 83 8.20894
56 84 -6.38702
56 85 26.6262
56 86 0.625487
56 87 24.0565
56 88 -26.5588
56 89 21.6665
56 90 32.5041
56 91 -11.0646
56 92 67.8242
56 93 9.21235
56 94 19.0462
56 95 -5.49257
56 96 -24.5755
56 97 9.75275
56 98 32.124
56 99 47.4489
56 100 27.7976
56 101 -11.5398
56 102 -0.665172
56 103 30.364
56 104 -2.03443
56 105 3.70077
56 106 1.53913
56 107 -25.9806
57 72 -25.12
57 73 18.2951
57 74 36.8497
57 75 29.2506
57 76 -17.4573
57 77 15.4696
57 78 -29.0011
57 79 -22.0993
57 80 -1.97154
57 81 10.8494
57 82 9.2809
57 83 16.6619
57 84 -8.41587
57 85 0.645569
57 86 -18.96
57 87 -6.34222
57 88 24.9465
57 89 -17.3675
57 90 25.6747
57 91 47.777
57 92 -17.0152
57 93 -5.18251
57 94 6.58627
57 95 -1.67518
57 96 -2.37947
57 97 -40.2698
57 98 -7.73661
57 99 4.40822
57 100 4.19152
57 101 12.5632
57 102 15.7327
57 103 19.8064
57 104 8.14961
57 105 25.4071
57 106 -5.331
57 107 48.6246
58 72 6.8399
58 73 8.23427
58 74 -27.5625
58 75 -21.0635
58 76 -24.1758
58 77 -18.4983
58 78 -8.48746
58 79 -12.6545
58 80 -50.5534
58 81 3.33177
58 82 -4.72191
58 83 -6.12438
58 84 16.4545
58 85 4.38693
58 86 0.767574
58 87 13.1135
58 88 18.4846
58 89 0.502279
58 90 6.84393
58 91 -3.59921
58 92 -37.4902
58 93 -2.16425
58 94 43.5221
58 95 48.2454
58 96 26.5215
58 97 14.6521
58 98 14.7364
58 99 2.39366
58 100 31.6625
58 101 15.2649
58 102 41.3485
58 103 -5.88334
58 104 -14.12
58 105 -21.0739
58 106 -1.05234
58 107 -10.5634
59 72 13.9972
59 73 2.35912
59 74 -6.85439
59 75 -13.093
59 76 19.1386
59 77 27.1815
59 78 4.53681
59 79 32.0064
59 80 6.39936
59 81 35.0601
59 82 -34.5418
59 83 9.07098
59 84 3.02658
59 85 -0.657842
59 86 -1.31657
59 87 -8.52286
59 88 12.6392
59 89 27.9605
59 90 21.207
59 91 -0.122237
59 92 14.1017
59 93 12.6629
59 94 -34.8825
59 95 28.43
59 96 26.0388
59 97 0.0897417
59 98 -6.41566
59 99 18.5609
59 100 -39.7178
59 101 18.5012
59 102 -0.233635
59 103 23.8094
59 104 1.39662
59 105 -9.75819
59 106 12.3151
59 107 -12.6161
60 72 19.0867
60 73 27.1423
60 74 -47.9103
60 75 -37.9395
60 76 -32.1881
60 77 12.0069
60 78 7.28436
60 79 19.0395
60 80 18.3716
60 81 16.285
60 82 24.5175
60 83 0.338253
60 84 33.7213
60 85 -8.98275
60 86 23.3955
60 87 37.2672
60 88 5.5311
60 89 -5.11811
60 90 6.25378
60 91 37.3533
60 92 -30.0099
60 93 36.3208
60 94 -41.5859
60 95 -7.00222
60 96 -18.5832
60 97 5.22443
60 98 11.847
60 99 -7.4616
60 100 -43.9875
60 101 13.5474
60 102 -16.6126
60 103 3.28825
60 104 -15.3312
60 105 -7.93179
60 106 31.7032
60 107 4.81351
61 72 -4.34241
61 73 7.63068
61 74 -11.7767
61 75 21.7964
61 76 1.58153
61 77 -31.6118
61 78 -0.381821
61 79 -14.6219
61 80 -25.141
61 81 -27.2274
61 82 4.44333
61 83 18.5953
61 84 33.433
61 85 24.1281
61 86 20.8582
61 87 -7.47304
61 88 -30.1326
61 89 19.5635
61 90 1.91036
61 91 8.14099
61 92 47.0624
61 93 18.3735
61 94 5.13789
61 95 -2.14877
61 96 3.33793
61 97 -7.67045
61 98 25.6322
61 99 37.295
61 100 -31.0352
61 101 -11.9013
61 102 -46.8193
61 103 -4.71293
61 104 33.0755
61 105 -22.2873
61 106 2.19723
61 107 10.0238
62 72 23.9225
62 73 11.9786
62 74 -19.9136
62 75 -20.9075
62 76 -24.6923
62 77 -36.8441
62 78 -7.56133
62 79 9.40378
62 80 -25.3052
62 81 49.7506
62 82 11.0144
62 83 -17.5318
62 84 16.7506
62 85 4.4286
62 86 -27.9782
62 87 12.0998
62 88 -39.2637
62 89 12.6332
62 90 -4.50324
62 91 35.8509
62 92 -16.2681
62 93 8.48318
62 94 8.19782
62 95 -18.8683
62 96 -9.48886
62 97 -22.2161
62 98 -60.508
62 99 12.0241
62 100 -35.9854
62 101 -6.75577
62 102 -56.4654
62 103 -12.7396
62 104 12.0186
62 105 -23.974
62 106 15.3583
62 107 -37.5039
63 72 9.24345
63 73 6.10359
63 74 -0.60381
63 75 4.10201
63 76 -3.22642
63 77 17.1867
63 78 32.357
63 79 31.0933
63 80 -20.3209
63 81 25.6227
63 82 -5.9232
63 83 18.7097
63 84 4.80348
63 85 -8.46956
63 86 -22.2098
63 87 36.5762
63 88 18.3265
63 89 14.9973
63 90 39.2585
63 91 17.5861
63 92 2.9792
63 93 -5.94582
63 94 42.1542
63 95 2.01676
63 96 -0.0712734
63 97 -3.82264
63 98 -1.12153
63 99 3.02312
63 100 25.7261
63 101 36.5124
63 102 -45.2766
63 103 -41.6351
63 104 2.37387
63 105 -0.514912
63 106 4.1667
63 107 -9.97861
64 72 -2.13891
64 73 7.11606
64 74 10.1394
64 75 34.1772
64 76 5.50356
64 77 3.27649
64 78 -10.5532
64 79 -14.7492
64 80 -26.2173
64 81 -9.32666
64 82 29.5239
64 83 -16.5975
64 84 -25.2777
64 85 5.61643
64 86 -6.27203
64 87 -27.6143
64 88 -19.7407
64 89 -7.82032
64 90 -7.27287
64 91 8.22021
64 92 4.00636
64 93 -33.9554
64 94 6.22855
64 95 -2.78339
64 96 36.8914
64 97 -4.1443
64 98 3.73566
64 99 -2.66873
64 100 4.50351
64 101 -18.4359
64 102 10.8336
64 103 -20.3581
64 104 -2.30523
64 105 9.64731
64 106 17.1909
64 107 -8.52294
65 72 14.8004
65 73 6.37038
65 74 -0.189241
65 75 58.4492
65 76 -10.9962
65 77 22.6487
65 78 -8.50618
65 79 13.297
65 80 -16.433
65 81 12.5756
65 82 13.3806
65 83 -32.3081
65 84 18.4384
65 85 5.67093
65 86 -31.0551
65 87 -21.5495
65 88 -15.721
65 89 6.08476
65 90 25.5168
65 91 -10.1206
65 92 16.52
65 93 -5.60906
65 94 15.7942
65 95 -12.005
65 96 16.2132
65 97 3.87234
65 98 -12.0106
65 99 -10.188
65 100 -10.6729
65 101 -16.4145
65 102 8.44878
65 103 -3.47543
65 104 -4.15686
65 105 -39.9695
65 106 11.0406
65 107 33.4864
66 72 1.48093
66 73 -61.9529
66 74 2.19006
66 75 0.916789
66 76 29.3642
66 77 34.8047
66 78 6.4567
66 79 20.6513
66 80 -41.6922
66 81 22.0913
66 82 -14.738
66 83 4.01771
66 84 -39.73
66 85 18.7391
66 86 -16.0431
66 87 -11.8354
66 88 4.22753
66 89 -0.0340232
66 90 6.47212
66 91 17.2907
66 92 -5.25227
66 93 -5.89693
66 94 -22.7673
66 95 46.1659
66 96 -29.7573
66 97 1.21793
66 98 -26.6298
66 99 -12.0058
66 100 -4.39001
66 101 -6.7079
66 102 47.7279
66 103 13.86
66 104 33.4267
66 105 33.7898
66 106 -2.16875
66 107 10.3199
67 72 8.37847
67 73 18.9184
67 74 24.5696
67 75 -22.6566
67 76 0.178091
67 77 37.1492
67 78 -17.1811
67 79 -26.9951
67 80 -2.37909
67 81 9.12336
67 82 -14.7876
67 83 -13.8652
67 84 -18.831
67 85 -8.14508
67 86 -8.60671
67 87 23.7724
67 88 17.6448
67 89 17.1137
67 90 9.4541
67 91 -13.0311
67 92 -31.5634
67 93 34.9782
67 94 5.41471
67 95 -5.3899
67 96 1.7652
67 97 9.04667
67 98 13.9778
67 99 8.39212
67 100 2.26736
67 101 4.69296
67 102 0.250894
67 103 14.4361
67 104 -6.68438
67 105 -18.5715
67 106 5.23959
67 107 1.61958
68 72 16.061
68 73 10.8288
68 74 -37.5494
68 75 3.56282
68 76 11.834
68 77 13.8925
68 78 -4.53947
68 79 -1.59729
68 80 2.376
68 81 -17.8165
68 82 -32.1053
68 83 23.6337
68 84 31.0125
68 85 0.593735
68 86 59.2818
68 87 1.38758
68 88 18.723
68 89 16.4499
68 90 -47.8286
68 91 20.4722
68 92 7.91902
68 93 50.0539
68 94 -26.7675
68 95 -39.0973
68 96 -13.827
68 97 -27.1015
68 98 1.01051
68 99 27.2668
68 100 -17.8879
68 101 29.0534
68 102 -2.00234
68 103 -11.9421
68 104 -6.4585
68 105 -24.2636
68 106 3.03366
68 107 -2.42639
69 72 -11.4628
69 73 0.464574
69 74 -14.6236
69 75 15.0346
69 76 -8.9375
69 77 -8.6933
69 78 55.8364
69 79 0.91452
69 80 3.09471
69 81 -79.4795
69 82 4.58036
69 83 -12.0039
69 84 -47.1975
69 85 0.273786
69 86 -7.6971
69 87 12.7525
69 88 16.514
69 89 -7.89291
69 90 4.42234
69 91 -8.5699
69 92 2.94771
69 93 -19.566
69 94 19.9719
69 95 -10.0208
69 96 -2.12351
69 97 36.4899
69 98 47.4107
69 99 -1.53926
69 100 -13.1045
69 101 30.1931
69 102 24.4239
69 103 -11.6819
69 104 12.6999
69 105 -37.0643
69 106 24.6415
69 107 1.54008
70 72 12.3234
70 73 -4.77379
70 74 -16.6289
70 75 26.5575
70 76 6.71267
70 77 12.8864
70 78 36.9558
70 79 15.8158
70 80 51.7399
70 81 28.8741
70 82 -33.6032
70 83 -8.72523
70 84 12.1703
70 85 -12.7983
70 86 -19.9599
70 87 7.50148
70 88 19.8355
70 89 3.67902
70 90 2.2315
70 91 3.74154
70 92 -8.60541
70 93 -17.4011
70 94 18.7844
70 95 -14.4074
70 96 14.4617
70 97 30.7539
70 98 36.1442
70 99 -12.7418
70 100 -8.21313
70 101 14.5743
70 102 -34.9558
70 103 41.7084
70 104 -2.70869
70 105 -13.4653
70 106 -8.62124
70 107 0.127577
71 72 13.2131
71 73 0.606991
71 74 -9.87528
71 75 13.7379
71 76 38.4213
71 77 -6.3929
71 78 5.04213
71 79 -13.3546
71 80 -5.50272
71 81 3.7601
71 82 9.85137
71 83 -29.7314
71 84 2.10045
71 85 -6.61038
71 86 -41.8649
71 87 3.23864
71 88 34.7886
71 89 25.9234
71 90 -31.8104
71 91 23.0312
71 92 -16.2804
71 93 -34.8643
71 94 -0.567807
71 95 31.2144
71 96 -12.7129
71 97 -28.3926
71 98 30.9251
71 99 -38.9208
71 100 -37.1599
71 101 -3.7544
71 102 27.5359
71 103 3.18498
71 104 6.56365
71 105 -37.8317
71 106 -0.846741
71 107 37.4276
0 0 46.9382
1 0 25.6732
2 0 3.78263
3 0 -2.43784
4 0 -38.9103
5 0 14.704
6 0 -13.2958
7 0 28.9149
8 0 -26.5622
9 0 -22.8546
10 0 14.7783
11 0 11.8124
12 0 -21.9213
13 0 -16.3177
14 0 12.3647
15 0 4.09581
16 0 -0.955031
17 0 -16.451
0 1 -14.515
1 1 -26.4285
2 1 -29.8403
3 1 36.9327
4 1 -0.692617
5 1 -10.3134
6 1 18.9528
7 1 9.58953
8 1 3.4354
9 1 -12.7063
10 1 -38.8919
11 1 -2.32832
12 1 8.96916
13 1 11.5853
14 1 -31.7177
15 1 -24.7295
16 1 -29.8117
17 1 -7.78498
0 2 13.5365
1 2 -29.3234
2 2 18.8694
3 2 28.039
4 2 14.3709
5 2 9.66586
6 2 -6.01287
7 2 17.3739
8 2 20.9237
9 2 -19.3555
10 2 18.9246
11 2 14.4206
12 2 -22.3849
13 2 -33.3343
14 2 7.0725
15 2 3.41603
16 2 -20.0257
17 2 13.0207
0 3 4.44692
1 3 -17.4413
2 3 20.7682
3 3 -1.19911
4 3 -2.61298
5 3 -22.786
6 3 -18.9698
7 3 -12.0423
8 3 -13.513
9 3 -25.7555
10 3 22.8423
11 3 -35.5155
12 3 26.9617
13 3 5.70117
14 3 -3.25995
15 3 -58.4123
16 3 38.0281
17 3 -51.4032
0 4 -12.1511
1 4 1.1959
2 4 22.9442
3 4 -14.6632
4 4 -2.66791
5 4 8.6516
6 4 8.59208
7 4 -35.6597
8 4 3.93653
9 4 32.5838
10 4 -2.29335
11 4 -14.0126
12 4 16.111
13 4 -1.12015
14 4 -3.50997
15 4 -12.922
16 4 -20.9027
17 4 -6.5135
0 5 -16.2777
1 5 12.207
2 5 0.589642
3 5 -29.9802
4 5 -4.07439
5 5 10.7301
6 5 8.50185
7 5 19.3482
8 5 -15.5988
9 5 9.45184
10 5 -4.00967
11 5 -11.1354
12 5 -16.5043
13 5 4.3345
14 5 33.3513
15 5 -12.89
16 5 15.8089
17 5 10.6637
0 6 -4.47856
1 6 5.46229
2 6 8.31832
3 6 25.7297
4 6 21.3427
5 6 -6.95687
6 6 -11.9242
7 6 22.6785
8 6 -6.92282
9 6 -8.18502
10 6 -5.54322
11 6 20.8384
12 6 -20.7584
13 6 -1.39938
14 6 -39.5273
15 6 9.7747
16 6 -23.0029
17 6 8.75957
0 7 1.87882
1 7 3.01865
2 7 -2.62719
3 7 -40.5024
4 7 12.811
5 7 -6.40718
6 7 -13.4943
7 7 -27.9443
8 7 29.3104
9 7 21.2297
10 7 21.9
11 7 8.82721
12 7 -44.891
13 7 7.10903
14 7 -16.0943
15 7 -33.8834
16 7 2.0145
17 7 -8.99738
0 8 -39.1259
1 8 10.9625
2 8 -7.86048
3 8 8.26889
4 8 25.5046
5 8 -16.3064
6 8 17.2184
7 8 -10.849
8 8 -21.9762
9 8 25.0739
10 8 -1.66868
11 8 -25.0924
12 8 2.4022
13 8 37.807
14 8 15.7982
15 8 5.4522
16 8 -18.8715
17 8 0.167034
0 9 13.0306
1 9 -0.597226
2 9 11.6567
3 9 -43.389
4 9 -10.7547
5 9 -12.527
6 9 18.0146
7 9 42.9917
8 9 -18.6354
9 9 -4.29889
10 9 26.6305
11 9 -6.68195
12 9 -29.6369
13 9 -11.69
14 9 -12.2475
15 9 18.386
16 9 26.6491
17 9 -10.5672
0 10 -40.5092
1 10 -33.9743
2 10 -1.86244
3 10 11.3398
4 10 13.5233
5 10 38.2921
6 10 61.9539
7 10 -44.9541
8 10 -35.3079
9 10 51.9287
10 10 43.4923
11 10 -4.99481
12 10 33.1473
13 10 -35.0433
14 10 2.82383
15 10 3.32711
16 10 5.34275
17 10 6.54428
0 11 -40.5547
1 11 -5.59081
2 11 -7.81997
3 11 -18.5398
4 11 -17.4369
5 11 6.93373
6 11 3.06063
7 11 9.09099
8 11 3.9038
9 11 7.09822
10 11 0.675078
11 11 -1.52433
12 11 -8.50161
13 11 -27.2053
14 11 -27.1002
15 11 0.00426474
16 11 -24.9527
17 11 -31.2663
0 12 17.9617
1 12 7.04123
2 12 20.5951
3 12 -4.35365
4 12 -10.9857
5 12 -3.55162
6 12 -42.6434
7 12 -15.1954
8 12 5.75599
9 12 -21.9816
10 12 62.3362
11 12 13.4271
12 12 -0.0102668
13 12 19.7637
14 12 37.2595
15 12 -29.2944
16 12 12.6903
17 12 -29.4889
0 13 -9.04899
1 13 42.7572
2 13 -9.65567
3 13 8.87838
4 13 24.6848
5 13 -21.8121
6 13 -14.873
7 13 -29.2857
8 13 -11.1116
9 13 -4.65771
10 13 5.45718
11 13 8.83275
12 13 1.43235
13 13 12.4418
14 13 -5.33938
15 13 -13.2917
16 13 18.7482
17 13 26.5785
0 14 -34.4231
1 14 46.0289
2 14 27.4825
3 14 -34.9875
4 14 31.112
5 14 2.33204
6 14 -3.63472
7 14 18.8343
8 14 -7.57782
9 14 -14.9124
10 14 -9.21364
11 14 -2.5952
12 14 -1.28677
13 14 23.9454
14 14 17.5985
15 14 11.6843
16 14 -7.7253
17 14 -0.228775
0 15 -16.0524
1 15 -15.2849
2 15 -10.2011
3 15 14.0326
4 15 -0.328247
5 15 16.2088
6 15 0.0805821
7 15 10.4054
8 15 -5.98976
9 15 33.6099
10 15 -25.0106
11 15 19.3129
12 15 5.47704
13 15 -0.976705
14 15 6.02689
15 15 -27.3024
16 15 10.9086
17 15 28.1103
0 16 2.43778
1 16 6.72611
2 16 -39.3392
3 16 45.5741
4 16 -3.54198
5 16 -9.11915
6 16 -1.185
7 16 -24.5273
8 16 -1.96426
9 16 -15.5439
10 16 -4.71977
11 16 30.1068
12 16 -15.1097
13 16 28.0175
14 16 -29.6197
15 16 -2.47919
16 16 -19.7532
17 16 -11.5496
0 17 9.86379
1 17 -1.15035
2 17 -43.1431
3 17 -16.6199
4 17 -13.0953
5 17 -29.4727
6 17 -3.43447
7 17 -15.4448
8 17 -10.3327
9 17 -26.258
10 17 26.016
11 17 12.9236
12 17 30.4416
13 17 -8.71999
14 17 4.8338
15 17 -32.5172
16 17 6.64582
17 17 10.1747
0 18 0.518312
1 18 -21.1698
2 18 33.801
3 18 20.1839
4 18 2.57179
5 18 4.4572
6 18 9.61309
7 18 -13.4779
8 18 -14.1943
9 18 -29.3695
10 18 15.9767
11 18 -0.207212
12 18 3.77557
13 18 -11.8518
14 18 19.1619
15 18 23.01
16 18 0.769553
17 18 29.4695
0 19 15.5701
1 19 -24.0013
2 19 8.47164
3 19 34.482
4 19 -7.02659
5 19 -45.613
6 19 -5.31053
7 19 -40.5662
8 19 7.48923
9 19 13.0818
10 19 -19.463
11 19 0.77522
12 19 0.519972
13 19 -16.798
14 19 29.8069
15 19 -0.0242624
16 19 0.640035
17 19 -42.7249
0 20 -0.671425
1 20 2.3323
2 20 12.4672
3 20 -42.2509
4 20 -17.3463
5 20 24.833
6 20 -29.5317
7 20 -14.2027
8 20 3.67271
9 20 -2.29582
10 20 23.1826
11 20 11.9923
12 20 -5.78126
13 20 34.6859
14 20 -24.8524
15 20 -19.7419
16 20 1.13382
17 20 -16.2744
0 21 -15.4991
1 21 -37.3751
2 21 38.0893
3 21 -1.39209
4 21 -46.7656
5 21 -21.9369
6 21 -22.0733
7 21 -6.07373
8 21 -14.2544
9 21 -40.8849
10 21 3.78894
11 21 -0.790773
12 21 -10.5009
13 21 -6.73751
14 21 11.8081
15 21 24.0884
16 21 -12.7483
17 21 6.56617
0 22 17.6245
1 22 7.09942
2 22 5.3641
3 22 19.7308
4 22 -22.3413
5 22 -3.49482
6 22 -21.4855
7 22 -11.7815
8 22 14.4454
9 22 6.11877
10 22 -12.7144
11 22 22.8907
12 22 10.7155
13 22 -5.84464
14 22 10.2302
15 22 15.8554
16 22 -26.9329
17 22 16.7024
0 23 14.7609
1 23 20.7108
2 23 18.8189
3 23 -29.7385
4 23 -2.15639
5 23 -14.0195
6 23 6.04122
7 23 -6.67199
8 23 -29.8612
9 23 31.1781
10 23 19.2977
11 23 -2.60177
12 23 2.42162
13 23 50.5467
14 23 -26.8863
15 23 2.04317
16 23 6.66369
17 23 -8.63166
0 24 4.56378
1 24 -2.69698
2 24 11.132
3 24 -17.5701
4 24 6.91941
5 24 33.2876
6 24 -16.6445
7 24 8.98491
8 24 30.4354
9 24 -5.15763
10 24 -10.4008
11 24 1.05675
12 24 19.7392
13 24 -0.208291
14 24 -2.94785
15 24 -9.40695
16 24 42.5214
17 24 -12.8746
0 25 -17.7907
1 25 12.5539
2 25 -5.16105
3 25 -20.9324
4 25 13.9286
5 25 -5.3366
6 25 32.9285
7 25 -24.9724
8 25 -10.7048
9 25 6.24263
10 25 11.8432
11 25 -42.5748
12 25 -9.79522
13 25 0.273654
14 25 -6.70573
15 25 -13.4527
16 25 -7.9383
17 25 14.3909
0 26 -22.2845
1 26 6.86012
2 26 -18.7009
3 26 -26.9695
4 26 11.5192
5 26 18.2808
6 26 18.9783
7 26 -3.57392
8 26 39.6983
9 26 18.4842
10 26 -16.8903
11 26 -6.77273
12 26 -11.8777
13 26 -35.0141
14 26 -35.6507
15 26 26.0191
16 26 16.4208
17 26 -33.5785
0 27 32.1634
1 27 6.89763
2 27 13.9606
3 27 -9.50876
4 27 -7.80587
5 27 11.3269
6 27 12.4459
7 27 -5.81788
8 27 13.2753
9 27 -9.86036
10 27 -10.3456
11 27 -11.0559
12 27 1.74868
13 27 -18.0482
14 27 -33.9003
15 27 24.1844
16 27 10.9588
17 27 -34.82
0 28 17.3327
1 28 8.75865
2 28 13.9541
3 28 -2.4769
4 28 12.3096
5 28 9.8245
6 28 -13.2333
7 28 -50.4307
8 28 -60.3648
9 28 -15.5965
10 28 34.3306
11 28 26.679
12 28 0.600064
13 28 20.2463
14 28 12.036
15 28 -12.6552
16 28 -25.2514
17 28 26.802
0 29 -15.2868
1 29 -7.59948
2 29 -10.5513
3 29 16.1001
4 29 24.3042
5 29 28.3582
6 29 12.4758
7 29 -41.8024
8 29 22.4368
9 29 -15.6724
10 29 9.72729
11 29 1.79741
12 29 -23.2693
13 29 40.9125
14 29 21.0943
15 29 -40.085
16 29 -19.412
17 29 42.9401
0 30 -18.8976
1 30 -2.2786
2 30 5.82818
3 30 1.59921
4 30 11.8228
5 30 -0.407841
6 30 8.91659
7 30 5.06419
8 30 -13.8111
9 30 -5.88706
10 30 25.8477
11 30 13.3812
12 30 -40.4083
13 30 -2.09559
14 30 -11.235
15 30 27.7122
16 30 24.0038
17 30 -2.22522
0 31 14.7019
1 31 -12.6916
2 31 0.619464
3 31 25.2255
4 31 -3.93202
5 31 -17.0309
6 31 -41.0747
7 31 52.826
8 31 24.9369
9 31 -26.7565
10 31 1.42884
11 31 -19.3574
12 31 22.0982
13 31 7.34201
14 31 1.25839
15 31 28.9631
16 31 -4.60188
17 31 18.2702
0 32 -18.459
1 32 7.15031
2 32 -15.5485
3 32 -15.4944
4 32 -20.5103
5 32 -23.5804
6 32 20.0782
7 32 8.70184
8 32 -30.5161
9 32 -26.6684
10 32 -15.4954
11 32 18.3352
12 32 5.30218
13 32 13.1482
14 32 13.1072
15 32 19.9531
16 32 -18.4793
17 32 4.15325
0 33 23.6914
1 33 14.9373
2 33 35.6489
3 33 2.18806
4 33 -21.8343
5 33 3.92404
6 33 13.6659
7 33 -2.41848
8 33 8.96121
9 33 -7.79421
10 33 1.94346
11 33 -51.9505
12 33 11.417
13 33 19.8644
14 33 34.1791
15 33 -2.97811
16 33 7.59562
17 33 11.4329
0 34 15.5888
1 34 12.0442
2 34 -27.022
3 34 15.63
4 34 -23.6055
5 34 -9.98338
6 34 -13.0939
7 34 -39.1978
8 34 -15.1094
9 34 -12.2143
10 34 -39.8876
11 34 -61.8679
12 34 28.6496
13 34 -7.1398
14 34 27.6026
15 34 -12.5981
16 34 -44.6027
17 34 -24.6575
0 35 17.4613
1 35 -24.2561
2 35 -14.0698
3 35 2.75915
4 35 41.5953
5 35 -26.0422
6 35 2.21771
7 35 -56.0059
8 35 15.5663
9 35 5.74377
10 35 11.9713
11 35 -0.618089
12 35 -20.9935
13 35 -16.8238
14 35 -7.28736
15 35 50.064
16 35 -11.9949
17 35 19.4447
108 112 -17.3106
108 113 3.06485
108 114 26.0399
108 115 -46.1786
109 112 -33.9054
109 113 28.4047
109 114 -11.7955
109 115 -34.1468
110 112 26.9072
110 113 25.0814
110 114 -3.38792
110 115 -18.606
111 112 11.7362
111 113 -23.6961
111 114 38.3027
111 115 28.2841
0 108 -15.6839
1 108 -30.3355
2 108 -15.2469
3 108 -9.3654
4 108 12.0649
5 108 5.20666
6 108 -28.5667
7 108 -0.912236
8 108 7.27248
9 108 -11.3646
10 108 -11.2041
11 108 7.6819
12 108 -8.28293
13 108 -19.8458
14 108 -3.99381
15 108 46.2112
16 108 1.08826
17 108 -5.07637
0 109 -4.39012
1 109 -26.7646
2 109 -25.1249
3 109 13.8017
4 109 -31.0733
5 109 0.800023
6 109 -1.42431
7 109 46.8663
8 109 -1.12484
9 109 19.4888
10 109 -2.29604
11 109 -21.7757
12 109 5.15821
13 109 13.9415
14 109 19.0844
15 109 2.6781
16 109 -4.56407
17 109 -35.6704
0 110 -26.4641
1 110 -20.684
2 110 8.3114
3 110 -5.19269
4 110 15.2003
5 110 -23.7654
6 110 6.11053
7 110 18.1445
8 110 20.9042
9 110 -38.4833
10 110 -13.8128
11 110 -12.1045
12 110 -19.6326
13 110 10.7325
14 110 13.525
15 110 2.93552
16 110 16.7026
17 110 9.34289
0 111 -28.1436
1 111 -23.2118
2 111 -40.639
3 111 17.037
4 111 -14.2397
5 111 15.4439
6 111 9.11809
7 111 -42.9778
8 111 9.36938
9 111 -49.0312
10 111 -3.88008
11 111 32.0945
12 111 -34.6435
13 111 39.5736
14 111 -35.2015
15 111 8.69632
16 111 9.9479
17 111 0.900129
