soma 116
SIGMOID
SIGMOID
SIGMOID
SIGMOID
SIGMOID
SIGMOID
SIGMOID
SIGMOID
SIGMOID
SIGMOID
SIGMOID
SIGMOID
SIGMOID
SIGMOID
SIGMOID
SIGMOID
SIGMOID
SIGMOID
SIGMOID
SIGMOID
SIGMOID
SIGMOID
SIGMOID
SIGMOID
SIGMOID
SIGMOID
SIGMOID
SIGMOID
SIGMOID
SIGMOID
SIGMOID
SIGMOID
SIGMOID
SIGMOID
SIGMOID
SIGMOID
SIGMOID
SIGMOID
SIGMOID
SIGMOID
SIGMOID
SIGMOID
SIGMOID
SIGMOID
SIGMOID
SIGMOID
SIGMOID
SIGMOID
SIGMOID
SIGMOID
SIGMOID
SIGMOID
SIGMOID
SIGMOID
SIGMOID
SIGMOID
SIGMOID
SIGMOID
SIGMOID
SIGMOID
SIGMOID
SIGMOID
SIGMOID
SIGMOID
SIGMOID
SIGMOID
SIGMOID
SIGMOID
SIGMOID
SIGMOID
SIGMOID
SIGMOID
SIGMOID
SIGMOID
SIGMOID
SIGMOID
SIGMOID
SIGMOID
SIGMOID
SIGMOID
SIGMOID
SIGMOID
SIGMOID
SIGMOID
SIGMOID
SIGMOID
SIGMOID
SIGMOID
SIGMOID
SIGMOID
SIGMOID
SIGMOID
SIGMOID
SIGMOID
SIGMOID
SIGMOID
SIGMOID
SIGMOID
SIGMOID
SIGMOID
SIGMOID
SIGMOID
SIGMOID
SIGMOID
SIGMOID
SIGMOID
SIGMOID
SIGMOID
SIGMOID
SIGMOID
SIGMOID
SIGMOID
GAUSSIAN
GAUSSIAN
GAUSSIAN
18 0 1 2 3 4 5 6 7 8 9 10 11 12 13 14 15 16 17
# input_soma output_soma weight
synapse 3328
0 36 148.948
0 37 -87.6495
0 38 86.7249
0 39 -165.285
0 40 9.9574
0 41 44.7032
0 42 74.9388
0 43 -182.303
0 44 7.9019
0 45 -153.22
0 46 -11.8067
0 47 92.0194
0 48 95.453
0 49 33.8688
0 50 -49.3534
0 51 -58.3338
0 52 -121.333
0 53 96.2933
0 54 -55.1172
0 55 -24.4146
0 56 -59.5787
0 57 67.6035
0 58 51.3387
0 59 26.2176
0 60 -86.2863
0 61 -202.648
0 62 30.9831
0 63 216.664
0 64 104.981
0 65 -74.5788
0 66 -35.7701
0 67 212.475
0 68 59.3093
0 69 -37.9162
0 70 -199.504
0 71 67.1486
1 36 -49.3012
1 37 -163.86
1 38 -23.2718
1 39 -87.5756
1 40 132.137
1 41 156.697
1 42 168.489
1 43 -53.7979
1 44 -107.974
1 45 15.9265
1 46 56.7268
1 47 50.6905
1 48 47.6209
1 49 42.3367
1 50 21.4289
1 51 85.4178
1 52 -58.8763
1 53 140.788
1 54 -105.306
1 55 -243.82
1 56 40.2378
1 57 -103.645
1 58 34.8259
1 59 -118.639
1 60 72.0174
1 61 -59.695
1 62 -146.127
1 63 125.232
1 64 -3.8573
1 65 -18.7786
1 66 207.845
1 67 -160.984
1 68 66.5874
1 69 -108.48
1 70 -82.7506
1 71 -126.103
2 36 71.2257
2 37 -34.2497
2 38 76.1859
2 39 159.119
2 40 -107.209
2 41 -69.1838
2 42 148.919
2 43 72.791
2 44 115.363
2 45 -29.6878
2 46 -31.346
2 47 50.3676
2 48 -20.7232
2 49 -55.5111
2 50 -132.139
2 51 18.4847
2 52 150.651
2 53 -71.4831
2 54 67.8632
2 55 -0.506153
2 56 69.4222
2 57 68.7322
2 58 -38.7888
2 59 -99.804
2 60 -98.8829
2 61 6.86189
2 62 -56.7847
2 63 -14.4981
2 64 -47.1012
2 65 -20.1105
2 66 -57.6404
2 67 -34.3685
2 68 -42.779
2 69 153.904
2 70 68.986
2 71 131.027
3 36 78.1898
3 37 -49.2072
3 38 -189.043
3 39 114.009
3 40 14.4087
3 41 100.664
3 42 -90.7644
3 43 19.7733
3 44 -67.4726
3 45 -53.1445
3 46 90.7594
3 47 71.1165
3 48 -46.7255
3 49 -95.854
3 50 74.3597
3 51 -65.9808
3 52 26.1717
3 53 -35.8901
3 54 -51.5185
3 55 22.8841
3 56 -130.021
3 57 -83.7198
3 58 95.1049
3 59 18.5975
3 60 6.75524
3 61 -63.4789
3 62 30.0162
3 63 -18.4292
3 64 45.7453
3 65 -28.9944
3 66 61.5988
3 67 87.3112
3 68 -72.2148
3 69 -50.634
3 70 101.016
3 71 -0.496894
4 36 128.7
4 37 9.16076
4 38 -28.2559
4 39 -81.0714
4 40 -21.1339
4 41 -101.826
4 42 8.69335
4 43 -48.7577
4 44 -24.1702
4 45 -20.9708
4 46 -13.0681
4 47 -15.0209
4 48 -193.287
4 49 -87.6966
4 50 -18.2002
4 51 74.4521
4 52 9.64992
4 53 76.5573
4 54 67.3398
4 55 51.1039
4 56 -12.1878
4 57 36.555
4 58 -89.5983
4 59 52.5313
4 60 -84.3419
4 61 29.9136
4 62 -38.4386
4 63 -46.5895
4 64 33.3157
4 65 -248.158
4 66 42.5452
4 67 52.1803
4 68 -170.774
4 69 101.291
4 70 88.9924
4 71 -48.1471
5 36 -145.774
5 37 25.3663
5 38 4.26705
5 39 -114.103
5 40 17.8825
5 41 118.45
5 42 7.53794
5 43 -15.1297
5 44 -88.0082
5 45 95.7495
5 46 25.2108
5 47 12.0001
5 48 26.1742
5 49 224.065
5 50 42.6718
5 51 -52.5735
5 52 194.509
5 53 38.9813
5 54 112.892
5 55 236.989
5 56 -106.876
5 57 -40.0952
5 58 43.0171
5 59 -47.2869
5 60 9.07679
5 61 192.97
5 62 -117.293
5 63 -199.298
5 64 -86.3944
5 65 85.0521
5 66 61.5501
5 67 -113.452
5 68 -66.0091
5 69 -39.1405
5 70 63.7643
5 71 85.335
6 36 20.0606
6 37 -88.7769
6 38 -133.638
6 39 28.7876
6 40 77.5557
6 41 -147.596
6 42 -52.4719
6 43 -71.8187
6 44 63.7324
6 45 52.0292
6 46 -68.8785
6 47 -3.25247
6 48 -94.4272
6 49 121.578
6 50 -43.9598
6 51 -14.4645
6 52 61.7637
6 53 -61.5725
6 54 56.931
6 55 60.503
6 56 -23.0902
6 57 67.6004
6 58 78.2915
6 59 -168.206
6 60 -134.59
6 61 119.967
6 62 -4.65728
6 63 -33.3889
6 64 -95.847
6 65 -11.3382
6 66 4.04913
6 67 130.163
6 68 -14.2752
6 69 64.5799
6 70 34.5538
6 71 1.52301
7 36 5.36778
7 37 -0.269724
7 38 120.627
7 39 53.5743
7 40 47.5136
7 41 136.667
7 42 111.534
7 43 -0.158834
7 44 -31.9553
7 45 43.7478
7 46 24.6721
7 47 -83.4737
7 48 54.4936
7 49 -6.60099
7 50 117.484
7 51 17.049
7 52 51.1351
7 53 36.0793
7 54 -38.1067
7 55 -0.569984
7 56 -135.715
7 57 145.709
7 58 -1.5855
7 59 -23.7636
7 60 126.958
7 61 -95.9266
7 62 33.8856
7 63 -20.5979
7 64 -82.4845
7 65 -44.1803
7 66 -89.4625
7 67 38.4956
7 68 144.609
7 69 -80.3248
7 70 163.822
7 71 -92.695
8 36 -29.2207
8 37 216.832
8 38 47.1834
8 39 -118.099
8 40 -42.425
8 41 98.6406
8 42 41.6716
8 43 158.093
8 44 -14.9256
8 45 64.3074
8 46 73.0666
8 47 -205.787
8 48 -34.0978
8 49 -39.2463
8 50 90.6776
8 51 -0.405485
8 52 -31.9594
8 53 -29.6339
8 54 9.96513
8 55 111.35
8 56 -182.213
8 57 65.4256
8 58 66.8864
8 59 -12.7218
8 60 106.761
8 61 -47.6743
8 62 -151.137
8 63 3.40318
8 64 38.2897
8 65 126.779
8 66 -8.34653
8 67 -107.57
8 68 4.75319
8 69 158.308
8 70 -21.0522
8 71 96.7007
9 36 152
9 37 -27.0142
9 38 -4.89527
9 39 62.3274
9 40 -118.143
9 41 42.1456
9 42 161.104
9 43 -105.229
9 44 -138.804
9 45 -22.3718
9 46 -26.8268
9 47 -53.066
9 48 -48.657
9 49 36.0883
9 50 -8.36526
9 51 -128.802
9 52 -78.8229
9 53 -20.0489
9 54 -19.6553
9 55 140.852
9 56 33.7656
9 57 -57.1078
9 58 12.292
9 59 42.2822
9 60 -89.768
9 61 -33.2821
9 62 -52.0114
9 63 111.097
9 64 21.6678
9 65 -127.843
9 66 54.3326
9 67 -70.4691
9 68 -186.602
9 69 -143.096
9 70 67.3867
9 71 -6.60532
10 36 16.6399
10 37 64.7333
10 38 80.1989
10 39 -23.9808
10 40 134.375
10 41 55.6264
10 42 79.1124
10 43 131.779
10 44 -33.4244
10 45 -172.271
10 46 58.9968
10 47 51.2234
10 48 84.965
10 49 -87.258
10 50 -35.2924
10 51 -177.797
10 52 2.24688
10 53 -98.2812
10 54 -56.5651
10 55 14.9282
10 56 50.2917
10 57 81.7042
10 58 -132.295
10 59 86.4022
10 60 5.44445
10 61 29.9765
10 62 129.037
10 63 54.2374
10 64 -117.583
10 65 -57.9151
10 66 -103.348
10 67 -198.026
10 68 62.203
10 69 142.363
10 70 -73.2776
10 71 -3.26556
11 36 4.55768
11 37 -21.4744
11 38 -351.79
11 39 -173.257
11 40 -182.866
11 41 -185.333
11 42 -49.3697
11 43 -65.1572
11 44 -6.71632
11 45 45.2272
11 46 26.9797
11 47 -171.364
11 48 118.779
11 49 -16.9932
11 50 -60.5362
11 51 76.4558
11 52 4.20005
11 53 144.345
11 54 -116.726
11 55 -22.5344
11 56 25.1695
11 57 -8.97641
11 58 -20.4643
11 59 -26.0061
11 60 -3.44696
11 61 3.69867
11 62 78.5536
11 63 48.328
11 64 15.5463
11 65 -23.7274
11 66 -13.5539
11 67 34.4983
11 68 148.475
11 69 -47.1427
11 70 -55.6854
11 71 -8.80083
12 36 56.3723
12 37 41.7413
12 38 -44.7659
12 39 11.7511
12 40 -67.5942
12 41 -14.2736
12 42 30.1372
12 43 88.782
12 44 31.2276
12 45 58.3765
12 46 123.877
12 47 -82.3892
12 48 -18.5576
12 49 -81.4056
12 50 36.5461
12 51 68.6949
12 52 -64.0492
12 53 122.906
12 54 60.7884
12 55 106.083
12 56 -56.7461
12 57 -70.3464
12 58 -5.40262
12 59 -180.652
12 60 -34.7279
12 61 54.1245
12 62 23.8758
12 63 -23.9325
12 64 -136.906
12 65 10.1917
12 66 -125.342
12 67 38.5504
12 68 88.044
12 69 130.677
12 70 75.1009
12 71 38.9693
13 36 -27.059
13 37 198.676
13 38 -114.329
13 39 -102.918
13 40 -113.708
13 41 53.7289
13 42 -21.6392
13 43 74.0422
13 44 28.693
13 45 -132.785
13 46 -74.4833
13 47 -92.1832
13 48 -59.2311
13 49 112.404
13 50 101.885
13 51 -117.757
13 52 73.6076
13 53 5.74638
13 54 -27.8675
13 55 -40.054
13 56 207.787
13 57 -28.3678
13 58 -86.0674
13 59 13.8691
13 60 142.539
13 61 -22.6414
13 62 155.288
13 63 44.7158
13 64 -245.188
13 65 -16.4275
13 66 -157.699
13 67 -49.8333
13 68 64.147
13 69 10.2975
13 70 -29.9006
13 71 -61.247
14 36 36.0974
14 37 -152.188
14 38 -151.875
14 39 -35.172
14 40 -93.4597
14 41 38.536
14 42 20.5353
14 43 -126.584
14 44 6.99314
14 45 -58.4339
14 46 94.2246
14 47 -60.8717
14 48 -28.0814
14 49 -131.339
14 50 15.1322
14 51 -23.2529
14 52 -48.8522
14 53 -41.5161
14 54 -64.2094
14 55 -28.6888
14 56 -7.80689
14 57 17.4347
14 58 74.7582
14 59 44.7227
14 60 -6.53492
14 61 93.1183
14 62 111.848
14 63 13.3422
14 64 -97.2289
14 65 65.9067
14 66 40.434
14 67 -27.425
14 68 19.1203
14 69 30.4287
14 70 -29.9237
14 71 61.8558
15 36 80.8597
15 37 58.4454
15 38 -26.8902
15 39 29.7063
15 40 155.621
15 41 131.583
15 42 111.155
15 43 -73.7256
15 44 -160.896
15 45 48.806
15 46 129.847
15 47 247.641
15 48 7.47145
15 49 -15.592
15 50 -39.5303
15 51 -118.043
15 52 -23.8146
15 53 -41.991
15 54 -126.241
15 55 -96.3476
15 56 113.961
15 57 46.2574
15 58 -65.3516
15 59 -198.662
15 60 26.8015
15 61 -148.334
15 62 143.314
15 63 67.9078
15 64 -116.696
15 65 -150.109
15 66 54.6382
15 67 -54.0425
15 68 24.4657
15 69 -49.1993
15 70 -16.8775
15 71 -88.5374
16 36 112.253
16 37 -117.434
16 38 127.589
16 39 92.7179
16 40 15.0098
16 41 -158.836
16 42 -84.414
16 43 84.2293
16 44 81.5745
16 45 -29.4745
16 46 68.7296
16 47 -17.1845
16 48 15.1914
16 49 188.187
16 50 -163.917
16 51 28.9889
16 52 -28.0637
16 53 -156.5
16 54 71.7401
16 55 -52.6031
16 56 143.469
16 57 -34.9678
16 58 -80.2199
16 59 141.79
16 60 155.783
16 61 86.0397
16 62 27.0006
16 63 55.3125
16 64 -5.69318
16 65 -46.786
16 66 77.6008
16 67 -121.705
16 68 -54.7587
16 69 2.25406
16 70 -111.97
16 71 61.5022
17 36 18.1264
17 37 -55.539
17 38 144.599
17 39 88.455
17 40 14.3334
17 41 74.5377
17 42 -6.43885
17 43 -69.0942
17 44 32.0595
17 45 19.9514
17 46 -19.9492
17 47 -28.5809
17 48 -75.6345
17 49 -24.1598
17 50 76.4328
17 51 -93.7171
17 52 116.341
17 53 122.027
17 54 -85.3448
17 55 -202.131
17 56 -55.9045
17 57 71.6101
17 58 92.9589
17 59 9.06655
17 60 -69.9697
17 61 -61.865
17 62 -34.9486
17 63 -81.9007
17 64 -246.368
17 65 18.4471
17 66 4.87694
17 67 2.09212
17 68 -28.5742
17 69 62.0383
17 70 -129.297
17 71 99.7994
18 36 50.6248
18 37 25.5165
18 38 -13.6518
18 39 -30.5692
18 40 61.8277
18 41 169.106
18 42 -211.201
18 43 -65.9697
18 44 183.164
18 45 95.4434
18 46 -55.3349
18 47 159.183
18 48 -144.161
18 49 81.5391
18 50 117.241
18 51 127.605
18 52 -5.87155
18 53 201.214
18 54 -54.5272
18 55 34.1552
18 56 130.812
18 57 -5.30098
18 58 86.8024
18 59 52.5071
18 60 19.9162
18 61 -163.155
18 62 9.47927
18 63 -64.9261
18 64 -157.85
18 65 33.098
18 66 -126.543
18 67 119.537
18 68 80.9622
18 69 53.4341
18 70 -6.0866
18 71 -53.8802
19 36 -89.729
19 37 26.2572
19 38 78.8809
19 39 117.22
19 40 -53.9622
19 41 -6.65063
19 42 -84.5532
19 43 -132.359
19 44 -49.8847
19 45 -8.61021
19 46 -37.2032
19 47 10.8881
19 48 -40.6996
19 49 175.259
19 50 -103.212
19 51 -24.9447
19 52 185.242
19 53 24.3869
19 54 192.819
19 55 -1.61475
19 56 -48.0806
19 57 -186.559
19 58 -86.014
19 59 -15.9526
19 60 -1.21425
19 61 -41.5525
19 62 74.3795
19 63 46.4098
19 64 53.2876
19 65 5.72031
19 66 30.288
19 67 -209.58
19 68 159.997
19 69 -145.751
19 70 92.9951
19 71 135.879
20 36 -0.688734
20 37 69.235
20 38 59.2322
20 39 191.816
20 40 50.0773
20 41 -10.4027
20 42 -78.137
20 43 93.6028
20 44 154.807
20 45 29.1836
20 46 174.815
20 47 10.5464
20 48 63.8439
20 49 48.4567
20 50 -11.4807
20 51 77.5915
20 52 -140.288
20 53 -65.6499
20 54 -101.751
20 55 26.4242
20 56 47.8018
20 57 -113.162
20 58 -162.779
20 59 48.1522
20 60 -137.971
20 61 -41.257
20 62 50.9051
20 63 11.6529
20 64 -52.3906
20 65 -55.6436
20 66 206.005
20 67 64.0625
20 68 29.738
20 69 83.3929
20 70 -164.499
20 71 49.58
21 36 79.3731
21 37 4.39224
21 38 121.982
21 39 45.3433
21 40 55.4669
21 41 -173.552
21 42 24.3339
21 43 -41.0905
21 44 27.4242
21 45 93.0038
21 46 0.00861766
21 47 -125.828
21 48 -223.037
21 49 97.0302
21 50 80.6426
21 51 -211.993
21 52 -74.2694
21 53 63.6185
21 54 101.768
21 55 16.6817
21 56 -109.325
21 57 52.3211
21 58 197.727
21 59 188.643
21 60 -42.663
21 61 -223.489
21 62 89.3534
21 63 62.2189
21 64 -36.5901
21 65 -55.4328
21 66 -41.341
21 67 -106.551
21 68 157.966
21 69 -16.635
21 70 67.1382
21 71 100.263
22 36 93.125
22 37 -124.295
22 38 112.33
22 39 65.4851
22 40 48.0941
22 41 -134.275
22 42 -90.6298
22 43 -46.2951
22 44 -27.9301
22 45 -42.4086
22 46 -94.3622
22 47 -32.9215
22 48 -13.2347
22 49 -34.4126
22 50 -3.92235
22 51 -24.6963
22 52 -48.5251
22 53 31.05
22 54 -107.692
22 55 -50.9625
22 56 -2.16065
22 57 -91.1854
22 58 71.6454
22 59 3.03829
22 60 -196.086
22 61 -58.7612
22 62 153.92
22 63 -16.0142
22 64 67.9332
22 65 20.3619
22 66 -32.4637
22 67 187.993
22 68 32.3639
22 69 99.1516
22 70 -73.655
22 71 71.9895
23 36 -150.502
23 37 -114.389
23 38 -128.963
23 39 -112.462
23 40 114.439
23 41 77.4362
23 42 -61.4778
23 43 60.5319
23 44 -136.022
23 45 -52.2541
23 46 79.9085
23 47 32.5411
23 48 -77.5332
23 49 82.5062
23 50 19.2256
23 51 60.1598
23 52 61.1145
23 53 5.9368
23 54 -46.2984
23 55 -2.20114
23 56 82.0175
23 57 -32.4794
23 58 -197.309
23 59 64.6182
23 60 -136.238
23 61 -171.049
23 62 -18.5458
23 63 99.2329
23 64 -120.508
23 65 -16.3489
23 66 39.2634
23 67 -27.1769
23 68 167.428
23 69 117.424
23 70 17.7526
23 71 -138.284
24 36 80.1273
24 37 -59.4697
24 38 -59.2106
24 39 91.6869
24 40 237.348
24 41 30.6235
24 42 9.36111
24 43 32.4567
24 44 -99.7836
24 45 -15.8713
24 46 116.778
24 47 21.866
24 48 203.564
24 49 -133.621
24 50 7.68334
24 51 -55.272
24 52 42.646
24 53 -229.513
24 54 -33.7219
24 55 74.0086
24 56 -133.485
24 57 81.6554
24 58 120.921
24 59 36.4667
24 60 93.5254
24 61 -159.074
24 62 22.1222
24 63 -141.094
24 64 137.2
24 65 85.3254
24 66 -81.651
24 67 24.8912
24 68 -65.5804
24 69 -75.9118
24 70 -41.546
24 71 -69.3069
25 36 -35.9463
25 37 -3.59067
25 38 166.299
25 39 -26.8819
25 40 119.317
25 41 -104.795
25 42 -129.558
25 43 -56.1116
25 44 29.4556
25 45 63.0384
25 46 78.8846
25 47 197.429
25 48 -64.3349
25 49 68.5281
25 50 42.6895
25 51 -18.3349
25 52 -44.7781
25 53 134.784
25 54 31.7109
25 55 24.7547
25 56 -107.258
25 57 84.807
25 58 90.2491
25 59 15.6395
25 60 -4.95445
25 61 100.229
25 62 132.006
25 63 -189.424
25 64 241.83
25 65 -26.5882
25 66 94.1549
25 67 16.2533
25 68 62.5702
25 69 -154.941
25 70 -216.686
25 71 -120.367
26 36 163.77
26 37 -21.126
26 38 -102.382
26 39 -34.9956
26 40 -145.346
26 41 118.604
26 42 73.8622
26 43 40.9424
26 44 -196.726
26 45 44.4713
26 46 91.6805
26 47 49.3264
26 48 91.5793
26 49 89.6808
26 50 -107.06
26 51 9.05594
26 52 3.09745
26 53 -95.5349
26 54 104.622
26 55 62.5303
26 56 89.5589
26 57 -39.8783
26 58 52.3127
26 59 -94.4394
26 60 -92.7752
26 61 -28.7849
26 62 26.9169
26 63 -76.0199
26 64 -38.7702
26 65 7.11612
26 66 26.1297
26 67 91.5886
26 68 -162.15
26 69 -51.7235
26 70 38.7757
26 71 -202.741
27 36 -116.819
27 37 -27.8472
27 38 -96.8074
27 39 -107.725
27 40 108.381
27 41 -145.098
27 42 -44.989
27 43 -1.16796
27 44 113.934
27 45 77.165
27 46 -49.9221
27 47 -28.0926
27 48 -69.7795
27 49 29.5359
27 50 72.4416
27 51 -17.3037
27 52 45.9286
27 53 210.573
27 54 -18.8649
27 55 62.5322
27 56 42.1916
27 57 44.7324
27 58 64.4211
27 59 24.6667
27 60 -205.456
27 61 -97.8169
27 62 97.6215
27 63 18.5391
27 64 35.1953
27 65 0.375632
27 66 93.4643
27 67 -11.1415
27 68 -18.5465
27 69 -1.75608
27 70 206.166
27 71 139.171
28 36 -23.2785
28 37 208.571
28 38 60.4301
28 39 10.8423
28 40 88.5002
28 41 -52.8563
28 42 93.8312
28 43 -11.9984
28 44 -33.4546
28 45 69.2069
28 46 116.089
28 47 -0.947522
28 48 -26.8185
28 49 85.08
28 50 -31.4325
28 51 60.0742
28 52 122.451
28 53 -49.4736
28 54 -7.97367
28 55 225.834
28 56 -77.7901
28 57 -151.937
28 58 70.6994
28 59 -83.3688
28 60 87.0729
28 61 72.8616
28 62 33.7168
28 63 48.8505
28 64 -92.7503
28 65 -4.71211
28 66 -27.8389
28 67 -37.7589
28 68 7.63877
28 69 32.3869
28 70 -10.0347
28 71 -90.6098
29 36 -20.6343
29 37 -93.5741
29 38 -87.368
29 39 202.746
29 40 -103.887
29 41 -219.298
29 42 -84.7635
29 43 -55.4332
29 44 95.603
29 45 7.69888
29 46 33.9212
29 47 14.4909
29 48 2.14253
29 49 -99.1731
29 50 60.049
29 51 184.061
29 52 -111.922
29 53 -67.1318
29 54 59.3737
29 55 -80.0104
29 56 110.262
29 57 -133.689
29 58 -22.3539
29 59 8.48565
29 60 22.5495
29 61 31.4018
29 62 -152.608
29 63 48.3069
29 64 55.1403
29 65 -4.35813
29 66 84.5124
29 67 -50.8965
29 68 -144.801
29 69 -12.88
29 70 -76.7279
29 71 72.9676
30 36 57.6501
30 37 -74.4834
30 38 -58.4317
30 39 -95.9656
30 40 181.562
30 41 60.1255
30 42 29.8933
30 43 154.279
30 44 74.8234
30 45 -1.46315
30 46 -52.6807
30 47 -82.9189
30 48 -18.8301
30 49 -106.865
30 50 64.5788
30 51 -112.9
30 52 3.57792
30 53 26.5177
30 54 152.1
30 55 -55.9254
30 56 -121.64
30 57 -72.7088
30 58 38.8178
30 59 -18.2592
30 60 49.8365
30 61 32.1516
30 62 -85.3269
30 63 -86.6859
30 64 177.523
30 65 79.9541
30 66 15.9966
30 67 55.3763
30 68 -63.2507
30 69 -112.335
30 70 -42.7427
30 71 77.5051
31 36 -26.5286
31 37 39.7295
31 38 -48.8153
31 39 -46.1775
31 40 3.38451
31 41 -74.8829
31 42 -109.39
31 43 -63.1128
31 44 -45.3576
31 45 -12.4605
31 46 5.59393
31 47 76.1968
31 48 131.522
31 49 27.0495
31 50 -108.183
31 51 44.8314
31 52 97.6903
31 53 -137.401
31 54 -151.422
31 55 -0.621491
31 56 -22.8176
31 57 -51.3391
31 58 47.4682
31 59 -89.0646
31 60 35.9311
31 61 -90.3794
31 62 -178.115
31 63 33.1418
31 64 34.203
31 65 128.175
31 66 -41.726
31 67 200.021
31 68 70.6576
31 69 -31.5191
31 70 -39.2385
31 71 154.65
32 36 107.607
32 37 134.068
32 38 -76.9919
32 39 2.40848
32 40 109.177
32 41 -37.0889
32 42 14.5488
32 43 44.1518
32 44 68.1109
32 45 14.9001
32 46 -14.7439
32 47 -32.0268
32 48 20.197
32 49 54.7458
32 50 9.82764
32 51 67.8126
32 52 -65.4543
32 53 -35.6395
32 54 19.5388
32 55 -134.983
32 56 -45.3792
32 57 -117.553
32 58 24.1926
32 59 9.23134
32 60 0.354486
32 61 119.549
32 62 -87.1648
32 63 -96.776
32 64 32.8322
32 65 -131.833
32 66 9.62908
32 67 -80.5265
32 68 -128.983
32 69 -29.1701
32 70 26.221
32 71 -79.294
33 36 -24.5704
33 37 -58.8333
33 38 30.643
33 39 85.641
33 40 -41.4706
33 41 53.1597
33 42 102.789
33 43 -62.6104
33 44 63.4961
33 45 -66.591
33 46 59.9608
33 47 -109.88
33 48 -121.861
33 49 140.69
33 50 9.03693
33 51 -29.1331
33 52 -93.5746
33 53 -85.9467
33 54 150.149
33 55 -50.2757
33 56 89.6182
33 57 101.639
33 58 42.2436
33 59 71.2818
33 60 -23.5322
33 61 0.61835
33 62 -3.54045
33 63 90.5217
33 64 -101.538
33 65 29.1182
33 66 -96.2392
33 67 -140.25
33 68 100.934
33 69 -2.55729
33 70 -143.271
33 71 136.682
34 36 37.4667
34 37 -98.6978
34 38 144.945
34 39 -67.916
34 40 282.34
34 41 47.7212
34 42 -56.4445
34 43 73.3736
34 44 -10.62
34 45 67.736
34 46 -138.069
34 47 -78.0657
34 48 187.113
34 49 -103.658
34 50 16.8021
34 51 25.3308
34 52 -60.0456
34 53 40.8159
34 54 105.44
34 55 36.6107
34 56 -51.1814
34 57 25.1965
34 58 -0.748017
34 59 4.82877
34 60 24.1376
34 61 -33.0418
34 62 -63.7298
34 63 -57.3493
34 64 70.0417
34 65 70.5401
34 66 0.562161
34 67 -65.5037
34 68 -54.9908
34 69 -15.1516
34 70 -22.7723
34 71 98.6068
35 36 -202.577
35 37 176.451
35 38 69.0687
35 39 90.0473
35 40 -46.6708
35 41 6.92386
35 42 101.216
35 43 -42.1525
35 44 -86.0875
35 45 117.579
35 46 111.981
35 47 127.077
35 48 -46.9141
35 49 148.879
35 50 64.8636
35 51 -0.611529
35 52 -60.3045
35 53 27.6145
35 54 90.2744
35 55 17.7342
35 56 -13.2694
35 57 83.7017
35 58 4.48436
35 59 46.1881
35 60 86.2463
35 61 44.1686
35 62 52.3356
35 63 13.281
35 64 -74.8928
35 65 -26.1578
35 66 58.6979
35 67 48.5087
35 68 5.22414
35 69 -50.1437
35 70 -153.066
35 71 103.564
36 72 -62.389
36 73 -6.93671
36 74 -61.2893
36 75 96.6801
36 76 50.5196
36 77 -21.4018
36 78 63.6089
36 79 -40.5391
36 80 97.6162
36 81 -44.9283
36 82 -128.516
36 83 -117.83
36 84 110.784
36 85 -63.8361
36 86 101.492
36 87 64.1041
36 88 174.072
36 89 -72.3572
36 90 129.051
36 91 -55.0536
36 92 134.657
36 93 -63.4217
36 94 1.88168
36 95 22.9446
36 96 -25.3195
36 97 61.0339
36 98 141.157
36 99 97.2107
36 100 -101.458
36 101 21.0854
36 102 -31.2713
36 103 -24.3119
36 104 -100.228
36 105 -38.7086
36 106 -66.8278
36 107 -14.0176
37 72 -59.4244
37 73 -62.6921
37 74 -28.504
37 75 -27.0151
37 76 227.361
37 77 -71.17
37 78 65.3308
37 79 -2.73496
37 80 78.2931
37 81 -93.7421
37 82 -85.7779
37 83 -39.098
37 84 -61.1075
37 85 -151.921
37 86 146.782
37 87 57.744
37 88 21.1836
37 89 82.9007
37 90 105.278
37 91 207.306
37 92 -140.615
37 93 24.5468
37 94 -68.4049
37 95 -93.0192
37 96 -170.086
37 97 -97.3544
37 98 -117.525
37 99 64.931
37 100 3.30571
37 101 -40.3517
37 102 131.79
37 103 -71.8313
37 104 44.6215
37 105 -35.4812
37 106 -119.146
37 107 101.336
38 72 2.7306
38 73 67.0881
38 74 -126.389
38 75 40.8475
38 76 -234.988
38 77 -186.932
38 78 11.658
38 79 -144.356
38 80 -47.0204
38 81 -140.84
38 82 -32.8578
38 83 80.8918
38 84 -113.336
38 85 -54.8026
38 86 -58.4713
38 87 -100.631
38 88 1.51808
38 89 123.338
38 90 -159.634
38 91 89.8113
38 92 112.795
38 93 -92.7235
38 94 -37.9731
38 95 -47.4475
38 96 -81.9034
38 97 -47.8349
38 98 134.051
38 99 125.068
38 100 14.4519
38 101 -79.2393
38 102 -40.5576
38 103 0.661207
38 104 23.174
38 105 -29.1379
38 106 16.1377
38 107 86.9717
39 72 -196.123
39 73 90.5007
39 74 61.5655
39 75 -43.9053
39 76 -56.6797
39 77 0.529981
39 78 -59.487
39 79 -98.6276
39 80 53.5612
39 81 43.4641
39 82 -23.872
39 83 -61.9553
39 84 56.7056
39 85 -213.192
39 86 49.7563
39 87 50.9377
39 88 65.972
39 89 30.5035
39 90 -79.7392
39 91 -10.9849
39 92 6.58588
39 93 157.396
39 94 -23.5434
39 95 -59.3344
39 96 73.1054
39 97 -51.4855
39 98 138.789
39 99 151.212
39 100 45.8109
39 101 13.575
39 102 -37.7456
39 103 -17.0502
39 104 3.49702
39 105 7.55937
39 106 -318.032
39 107 -62.415
40 72 -0.968906
40 73 75.9103
40 74 -38.0387
40 75 44.7583
40 76 75.4326
40 77 58.032
40 78 -1.49442
40 79 140.045
40 80 -30.4028
40 81 -49.6755
40 82 -65.0178
40 83 49.0412
40 84 13.0577
40 85 -129.154
40 86 110.711
40 87 39.9098
40 88 178.947
40 89 24.3216
40 90 -85.392
40 91 161.516
40 92 54.1913
40 93 -97.7504
40 94 -101.325
40 95 -270.055
40 96 -67.8073
40 97 -143.761
40 98 87.0395
40 99 30.0601
40 100 -171.134
40 101 79.2735
40 102 -73.7673
40 103 -29.9082
40 104 -130.751
40 105 107.196
40 106 -95.5916
40 107 -84.0363
41 72 51.0129
41 73 -8.75354
41 74 108.594
41 75 31.7003
41 76 -14.9291
41 77 81.162
41 78 -90.1273
41 79 65.7792
41 80 22.3809
41 81 5.47064
41 82 -22.2421
41 83 89.21
41 84 42.5401
41 85 96.7331
41 86 -19.0455
41 87 -98.1783
41 88 5.01147
41 89 -5.95178
41 90 -78.8211
41 91 -82.3621
41 92 -109.002
41 93 -118.027
41 94 -246.615
41 95 73.6471
41 96 105.585
41 97 -122.638
41 98 76.2405
41 99 -79.6566
41 100 -49.0913
41 101 -69.7949
41 102 15.8149
41 103 -114.642
41 104 -112.004
41 105 18.1837
41 106 65.3942
41 107 -15.7778
42 72 -87.2918
42 73 -47.7514
42 74 -33.9559
42 75 -43.7995
42 76 163.238
42 77 -246.638
42 78 50.0454
42 79 28.4971
42 80 83.4005
42 81 60.1779
42 82 -34.9265
42 83 -15.6202
42 84 -167.588
42 85 128.354
42 86 -17.1402
42 87 54.149
42 88 59.6753
42 89 15.0847
42 90 48.8307
42 91 -121.066
42 92 -123.098
42 93 -53.0011
42 94 -91.8861
42 95 8.43895
42 96 -39.1096
42 97 -17.6403
42 98 -100.53
42 99 64.7071
42 100 57.4668
42 101 47.3792
42 102 -49.9461
42 103 172.6
42 104 154.545
42 105 9.75358
42 106 138.869
42 107 -81.2406
43 72 8.30424
43 73 97.8527
43 74 -123.286
43 75 -66.9962
43 76 48.5851
43 77 21.0015
43 78 2.98225
43 79 24.5487
43 80 78.0278
43 81 40.9553
43 82 -132.844
43 83 -9.1271
43 84 105.89
43 85 9.81558
43 86 -138.974
43 87 -137.142
43 88 69.0976
43 89 -141.12
43 90 1.79469
43 91 -1.5761
43 92 127.919
43 93 63.3844
43 94 -57.4145
43 95 23.0242
43 96 -24.242
43 97 -60.1835
43 98 -70.0412
43 99 -50.7601
43 100 -101.179
43 101 54.9952
43 102 42.5472
43 103 -118.686
43 104 30.8367
43 105 -7.124
43 106 -204.741
43 107 36.8533
44 72 -18.9673
44 73 -40.4646
44 74 44.7057
44 75 215.538
44 76 -18.494
44 77 169.1
44 78 173.672
44 79 28.5573
44 80 34.1107
44 81 -18.9354
44 82 124.579
44 83 19.3752
44 84 -23.0057
44 85 -102.85
44 86 138.833
44 87 -9.7018
44 88 68.2773
44 89 -19.4652
44 90 9.59784
44 91 -117.076
44 92 6.82969
44 93 -95.5908
44 94 115.55
44 95 -75.0954
44 96 5.00654
44 97 112.967
44 98 -3.64905
44 99 57.2029
44 100 -10.3133
44 101 -189.304
44 102 -114.047
44 103 -113.227
44 104 147.763
44 105 246.317
44 106 -65.0695
44 107 -13.2043
45 72 160.269
45 73 -59.1998
45 74 -142.879
45 75 152.369
45 76 76.5561
45 77 -74.5438
45 78 -134.36
45 79 -70.4275
45 80 58.3747
45 81 22.6129
45 82 63.2789
45 83 3.44509
45 84 -190.356
45 85 -5.88826
45 86 -53.3391
45 87 -35.2572
45 88 42.2708
45 89 68.3904
45 90 -74.0661
45 91 -58.8087
45 92 17.8886
45 93 19.0888
45 94 5.54912
45 95 -20.6238
45 96 3.46896
45 97 -58.7736
45 98 -36.8806
45 99 49.3137
45 100 96.7589
45 101 18.6838
45 102 -116.452
45 103 -113.653
45 104 -183.708
45 105 23.0304
45 106 76.9036
45 107 -68.4027
46 72 52.1534
46 73 -3.81691
46 74 -31.4552
46 75 183.768
46 76 84.1992
46 77 69.4409
46 78 -98.8556
46 79 -52.7663
46 80 -37.9297
46 81 80.4136
46 82 -35.5575
46 83 -93.5024
46 84 90.6448
46 85 -102.344
46 86 112.983
46 87 -126.846
46 88 108.483
46 89 135.211
46 90 -89.5795
46 91 -105.001
46 92 76.9269
46 93 56.2633
46 94 -52.9166
46 95 -38.1645
46 96 -110.052
46 97 40.3399
46 98 -83.8154
46 99 -74.9613
46 100 61.0314
46 101 -94.9401
46 102 124.12
46 103 -19.7266
46 104 82.1587
46 105 -9.18677
46 106 -90.8646
46 107 -20.4115
47 72 95.963
47 73 -30.6252
47 74 -16.751
47 75 -83.8142
47 76 -6.40913
47 77 183.882
47 78 6.73843
47 79 -43.4698
47 80 -166.083
47 81 -54.7254
47 82 58.8569
47 83 -143.237
47 84 129.598
47 85 145.436
47 86 114.303
47 87 -12.5955
47 88 -26.7871
47 89 -72.6361
47 90 1.14429
47 91 -53.9861
47 92 84.2332
47 93 24.2178
47 94 -81.3859
47 95 72.0583
47 96 100.908
47 97 -75.5217
47 98 -149.849
47 99 27.8445
47 100 124.634
47 101 128.35
47 102 0.835624
47 103 83.802
47 104 -194.571
47 105 -107.533
47 106 155.073
47 107 10.7048
48 72 19.1466
48 73 34.7909
48 74 96.2269
48 75 31.5493
48 76 -64.3532
48 77 155.376
48 78 55.0363
48 79 77.4844
48 80 162.541
48 81 12.7377
48 82 -53.1167
48 83 215.594
48 84 75.3672
48 85 -189.974
48 86 -129.91
48 87 96.711
48 88 -115.531
48 89 163.01
48 90 155.803
48 91 46.7436
48 92 -15.891
48 93 -114.517
48 94 -89.0968
48 95 97.3382
48 96 59.2411
48 97 -39.9979
48 98 -77.2284
48 99 45.3921
48 100 139.602
48 101 -57.7846
48 102 -138.814
48 103 149.621
48 104 1.67497
48 105 -77.0793
48 106 145.607
48 107 -195.326
49 72 -150.164
49 73 -31.8903
49 74 95.5677
49 75 -54.9471
49 76 42.4006
49 77 109.651
49 78 96.2217
49 79 -77.1566
49 80 -9.93869
49 81 153.409
49 82 -13.0265
49 83 189.621
49 84 -46.3411
49 85 -4.27034
49 86 -29.0849
49 87 -14.0363
49 88 -200.229
49 89 170.87
49 90 128.769
49 91 -4.4075
49 92 131.876
49 93 -124.118
49 94 -52.2829
49 95 -35.1277
49 96 17.7005
49 97 79.2618
49 98 -44.9141
49 99 -19.5448
49 100 10.0004
49 101 145.208
49 102 -111.512
49 103 81.0672
49 104 -162.816
49 105 -71.1821
49 106 -56.4682
49 107 -185.717
50 72 -93.3858
50 73 -24.389
50 74 -20.2119
50 75 -39.809
50 76 -48.3795
50 77 -153.834
50 78 -94.8112
50 79 56.1794
50 80 -11.5112
50 81 17.7669
50 82 122.482
50 83 79.3238
50 84 46.2851
50 85 -100.743
50 86 50.6836
50 87 -33.4866
50 88 -243.399
50 89 53.0672
50 90 -24.2453
50 91 -40.4263
50 92 -108.332
50 93 -33.9855
50 94 129.271
50 95 97.9733
50 96 -142.329
50 97 -170.795
50 98 -48.5467
50 99 -12.7646
50 100 93.6294
50 101 93.7966
50 102 -164.098
50 103 18.5022
50 104 -193.527
50 105 18.6634
50 106 25.5298
50 107 79.9345
51 72 -16.4949
51 73 42.4994
51 74 -73.9334
51 75 -85.9748
51 76 180.239
51 77 -164.179
51 78 58.0066
51 79 -313.903
51 80 -6.86993
51 81 176.121
51 82 58.7551
51 83 15.2352
51 84 89.8322
51 85 -15.2003
51 86 17.6263
51 87 2.81477
51 88 6.39571
51 89 -87.7308
51 90 48.9765
51 91 68.5204
51 92 -9.2634
51 93 91.5708
51 94 38.4431
51 95 -106.142
51 96 17.0275
51 97 -12.6017
51 98 67.014
51 99 -37.3614
51 100 -62.7895
51 101 66.7142
51 102 119.986
51 103 20.2788
51 104 -135.66
51 105 -121.727
51 106 16.283
51 107 -90.9063
52 72 -41.7844
52 73 100.377
52 74 -29.1534
52 75 94.73
52 76 -135.193
52 77 34.8099
52 78 65.9585
52 79 13.8254
52 80 -38.0021
52 81 142.463
52 82 -39.7432
52 83 -46.3185
52 84 -156.21
52 85 74.4694
52 86 115.467
52 87 39.7402
52 88 -132.582
52 89 90.165
52 90 60.7601
52 91 39.2166
52 92 145.989
52 93 22.2784
52 94 -24.5546
52 95 46.058
52 96 48.4937
52 97 -79.2129
52 98 -156.628
52 99 41.8374
52 100 163.254
52 101 -168.304
52 102 -30.0701
52 103 -57.5612
52 104 -102.664
52 105 -29.5635
52 106 50.4032
52 107 -63.9273
53 72 -61.5851
53 73 -118.821
53 74 -1.47257
53 75 -5.15073
53 76 68.3654
53 77 127.582
53 78 64.7335
53 79 -101.115
53 80 16.5021
53 81 22.2707
53 82 30.2358
53 83 98.1112
53 84 137.356
53 85 43.141
53 86 -10.5785
53 87 104.28
53 88 -38.8993
53 89 -54.0439
53 90 5.7721
53 91 200.589
53 92 -0.205865
53 93 -84.8855
53 94 61.1816
53 95 79.0988
53 96 48.6443
53 97 -96.3342
53 98 -30.6105
53 99 -171.46
53 100 106.6
53 101 10.3739
53 102 33.4165
53 103 49.5927
53 104 63.0932
53 105 -133.958
53 106 -102.462
53 107 -27.0225
54 72 -161.319
54 73 -0.205154
54 74 28.5976
54 75 -188.211
54 76 71.3453
54 77 -46.0891
54 78 -146.659
54 79 50.7982
54 80 -44.8308
54 81 55.6585
54 82 -94.2734
54 83 -45.7815
54 84 -173.268
54 85 -28.6499
54 86 11.8947
54 87 -118.863
54 88 79.8056
54 89 67.2447
54 90 90.962
54 91 -62.1455
54 92 -98.2594
54 93 -87.1088
54 94 -52.2181
54 95 83.9932
54 96 7.97995
54 97 56.5281
54 98 -64.9572
54 99 183.598
54 100 67.9385
54 101 -81.5715
54 102 -12.0573
54 103 -51.6021
54 104 -125.181
54 105 227.292
54 106 59.505
54 107 10.0624
55 72 18.1754
55 73 169.462
55 74 -88.7529
55 75 17.3525
55 76 70.3074
55 77 9.89261
55 78 -65.4781
55 79 38.0708
55 80 -60.8399
55 81 -82.497
55 82 39.7262
55 83 66.5887
55 84 74.7222
55 85 -98.3978
55 86 -189.578
55 87 -62.9349
55 88 -112.244
55 89 -66.4123
55 90 77.8514
55 91 114.756
55 92 -32.2468
55 93 82.47
55 94 47.3032
55 95 53.1683
55 96 80.2049
55 97 37.9973
55 98 15.1742
55 99 129.415
55 100 -90.9355
55 101 48.2589
55 102 68.9234
55 103 -20.1631
55 104 -127.233
55 105 -93.3784
55 106 -51.5219
55 107 -73.587
56 72 36.0437
56 73 -102.36
56 74 -42.2256
56 75 -75.8134
56 76 -113.996
56 77 -143.41
56 78 -4.79364
56 79 -135.794
56 80 -41.7079
56 81 -32.395
56 82 83.3167
56 83 -34.2406
56 84 86.4872
56 85 -125.605
56 86 103.736
56 87 -57.6941
56 88 79.1843
56 89 -106.616
56 90 150.883
56 91 138.774
56 92 -147.001
56 93 71.5898
56 94 104.684
56 95 -19.3331
56 96 -41.0067
56 97 9.10827
56 98 98.0816
56 99 -120.847
56 100 -125.661
56 101 79.7998
56 102 69.1087
56 103 -54.7783
56 104 -7.20192
56 105 -113.309
56 106 142.503
56 107 -69.0728
57 72 40.5687
57 73 104.594
57 74 17.7134
57 75 6.94781
57 76 24.438
57 77 123.841
57 78 77.7709
57 79 -85.326
57 80 -43.5603
57 81 -27.6331
57 82 -165.101
57 83 -97.0163
57 84 30.2976
57 85 85.3489
57 86 51.7678
57 87 74.6786
57 88 -51.2386
57 89 77.3223
57 90 58.7212
57 91 -64.5149
57 92 -37.318
57 93 -47.4094
57 94 -118.208
57 95 -192.579
57 96 -61.63
57 97 105.101
57 98 -8.78804
57 99 61.824
57 100 -55.4709
57 101 -17.1693
57 102 6.8876
57 103 -46.6777
57 104 18.8879
57 105 -60.274
57 106 90.3197
57 107 510.325
58 72 -54.3183
58 73 200.646
58 74 -7.34369
58 75 -86.8634
58 76 30.1142
58 77 -35.1882
58 78 24.3198
58 79 -52.8041
58 80 -43.7303
58 81 -10.0699
58 82 -6.48409
58 83 170.588
58 84 9.70008
58 85 -13.9224
58 86 -83.0261
58 87 75.5607
58 88 -247.127
58 89 100.14
58 90 45.6436
58 91 -42.9381
58 92 77.9798
58 93 95.6046
58 94 -21.3673
58 95 -48.24
58 96 87.0266
58 97 -3.85985
58 98 4.30188
58 99 -69.1038
58 100 101.015
58 101 -47.916
58 102 -7.68537
58 103 172.472
58 104 100.283
58 105 -122.265
58 106 89.8385
58 107 -48.7927
59 72 106.279
59 73 201.299
59 74 218.78
59 75 105.408
59 76 -61.3298
59 77 -5.32064
59 78 -80.3571
59 79 -37.7681
59 80 -15.9445
59 81 -1.19356
59 82 -66.1895
59 83 -0.984078
59 84 11.7278
59 85 -87.7046
59 86 51.1773
59 87 -127.876
59 88 67.6819
59 89 -5.42834
59 90 -210.213
59 91 -133.488
59 92 -57.9864
59 93 -91.3195
59 94 -12.4428
59 95 -63.9365
59 96 30.7879
59 97 80.9526
59 98 56.718
59 99 66.2421
59 100 73.6332
59 101 145.341
59 102 28.6236
59 103 27.7147
59 104 -117.156
59 105 -27.6036
59 106 -6.66279
59 107 126.416
60 72 52.14
60 73 -136.154
60 74 -32.0758
60 75 -21.8981
60 76 -122.017
60 77 -218.78
60 78 43.9679
60 79 61.3072
60 80 94.8867
60 81 -131.667
60 82 -44.2611
60 83 -102.249
60 84 -11.2805
60 85 72.2327
60 86 -62.6537
60 87 -48.8069
60 88 -180.334
60 89 35.1014
60 90 1.20821
60 91 33.0866
60 92 -55.8064
60 93 36.407
60 94 44.1476
60 95 -22.1568
60 96 32.0974
60 97 -43.0976
60 98 165.533
60 99 -122.159
60 100 -49.0351
60 101 -147.161
60 102 68.1345
60 103 23.1255
60 104 -7.35812
60 105 -31.3443
60 106 -71.5921
60 107 -56.1164
61 72 72.8816
61 73 -3.96446
61 74 22.8582
61 75 -62.3738
61 76 47.7733
61 77 -108.381
61 78 140.106
61 79 -15.694
61 80 -86.5261
61 81 64.2292
61 82 -72.7061
61 83 85.4478
61 84 -158.239
61 85 127.909
61 86 19.9706
61 87 -7.78647
61 88 -88.714
61 89 143.923
61 90 -76.6852
61 91 44.0297
61 92 -16.1473
61 93 144.566
61 94 23.4995
61 95 55.8557
61 96 1.44518
61 97 -95.3442
61 98 73.417
61 99 2.86601
61 100 -62.8641
61 101 59.9912
61 102 -39.7987
61 103 82.8222
61 104 -45.7553
61 105 41.8405
61 106 134.828
61 107 39.7999
62 72 110.151
62 73 -109.322
62 74 -42.5707
62 75 -7.35242
62 76 34.5532
62 77 -42.3439
62 78 -201.853
62 79 -81.607
62 80 43.8546
62 81 76.9528
62 82 17.1195
62 83 -98.484
62 84 19.8297
62 85 -141.698
62 86 50.7474
62 87 163.059
62 88 42.8532
62 89 18.7272
62 90 -29.5606
62 91 -82.9619
62 92 -90.7772
62 93 15.6942
62 94 -20.3511
62 95 74.0779
62 96 9.86533
62 97 -12.3258
62 98 27.5158
62 99 -99.5388
62 100 1.27635
62 101 113.916
62 102 12.4539
62 103 178.775
62 104 -203.199
62 105 -24.6642
62 106 75.1917
62 107 46.7786
63 72 -95.838
63 73 9.60494
63 74 60.8229
63 75 8.76395
63 76 -173.536
63 77 -8.48189
63 78 -77.2483
63 79 -80.0659
63 80 -66.1628
63 81 53.093
63 82 -75.0987
63 83 -130.333
63 84 -40.9096
63 85 -61.4475
63 86 107.522
63 87 151.365
63 88 41.7526
63 89 40.2874
63 90 -164.566
63 91 28.3141
63 92 -66.9423
63 93 -79.1427
63 94 -129.756
63 95 105.353
63 96 -40.1009
63 97 -22.7964
63 98 -103.295
63 99 -154.6
63 100 80.8148
63 101 -75.5105
63 102 97.7768
63 103 -20.7333
63 104 38.3858
63 105 -39.5346
63 106 13.897
63 107 150.27
64 72 -73.7878
64 73 122.582
64 74 68.6245
64 75 -227.404
64 76 -15.2252
64 77 31.4797
64 78 77.9424
64 79 -16.4103
64 80 140.024
64 81 100.577
64 82 -31.2106
64 83 -155.921
64 84 -57.6073
64 85 -132.026
64 86 -13.8202
64 87 -144.587
64 88 19.6949
64 89 32.5012
64 90 -47.1821
64 91 -19.943
64 92 1.80224
64 93 -47.5148
64 94 -113.978
64 95 -85.5978
64 96 5.79455
64 97 124.781
64 98 16.5822
64 99 -184.331
64 100 -289.773
64 101 112.263
64 102 -17.453
64 103 -12.7268
64 104 -117.872
64 105 12.8847
64 106 95.2554
64 107 -69.6976
65 72 83.8827
65 73 -153.98
65 74 -213.312
65 75 -109.494
65 76 34.5664
65 77 3.62823
65 78 27.938
65 79 4.55422
65 80 194.783
65 81 136.311
65 82 -208.711
65 83 90.249
65 84 1.23193
65 85 16.6027
65 86 5.38322
65 87 74.7621
65 88 15.2981
65 89 28.1689
65 90 -39.7073
65 91 -140.921
65 92 42.8127
65 93 -11.72
65 94 163.036
65 95 -4.26456
65 96 -23.1972
65 97 -46.0216
65 98 15.4955
65 99 117.345
65 100 -18.4682
65 101 23.1165
65 102 -188.47
65 103 -60.638
65 104 -40.5776
65 105 148.293
65 106 3.49398
65 107 103.118
66 72 17.9624
66 73 46.9886
66 74 -40.9385
66 75 -53.7806
66 76 77.0138
66 77 -61.9197
66 78 -78.8882
66 79 73.8092
66 80 17.6699
66 81 -10.7689
66 82 39.6507
66 83 11.3974
66 84 -298.572
66 85 -101.28
66 86 29.9067
66 87 -35.6164
66 88 -82.6353
66 89 -20.8893
66 90 91.7118
66 91 25.2213
66 92 31.0589
66 93 5.19979
66 94 51.3018
66 95 119.66
66 96 57.8749
66 97 -15.2751
66 98 -172.445
66 99 23.1573
66 100 -18.7472
66 101 -23.7496
66 102 33.0549
66 103 -10.194
66 104 -27.0021
66 105 -56.9748
66 106 -138.45
66 107 125.451
67 72 -5.09177
67 73 -28.6597
67 74 92.5631
67 75 222.219
67 76 -127.079
67 77 103.12
67 78 79.7445
67 79 24.6522
67 80 71.9156
67 81 -79.6831
67 82 183.787
67 83 7.54705
67 84 -86.1315
67 85 71.5114
67 86 -8.8908
67 87 -68.5869
67 88 -142.386
67 89 37.6322
67 90 91.3835
67 91 -92.4605
67 92 10.9902
67 93 106.836
67 94 107.043
67 95 26.4223
67 96 -57.0291
67 97 57.7746
67 98 131.969
67 99 -64.0368
67 100 7.36508
67 101 53.0659
67 102 -18.7548
67 103 -17.2315
67 104 5.91851
67 105 27.4269
67 106 135.145
67 107 -196.72
68 72 101.724
68 73 -24.3698
68 74 216.793
68 75 -127.975
68 76 -37.9333
68 77 -106.505
68 78 102.89
68 79 21.2257
68 80 32.7973
68 81 -60.3873
68 82 -116.281
68 83 -59.6176
68 84 72.181
68 85 -92.2363
68 86 -144.62
68 87 -84.2467
68 88 100.575
68 89 38.2872
68 90 -29.5102
68 91 43.2263
68 92 6.12012
68 93 12.5323
68 94 -27.2919
68 95 -2.82351
68 96 -141.552
68 97 -27.296
68 98 -172.35
68 99 11.9225
68 100 68.0623
68 101 63.0314
68 102 231.795
68 103 84.3501
68 104 185.9
68 105 36.9713
68 106 -45.4562
68 107 216.802
69 72 45.6877
69 73 -155.059
69 74 -27.7676
69 75 -39.1446
69 76 -103.986
69 77 136.952
69 78 19.2709
69 79 22.548
69 80 -6.97696
69 81 -39.5008
69 82 -81.9286
69 83 -28.6068
69 84 -37.8261
69 85 -30.831
69 86 -112.836
69 87 -21.9559
69 88 34.5803
69 89 19.1857
69 90 53.6333
69 91 -43.2862
69 92 115.691
69 93 87.3852
69 94 92.7513
69 95 -61.4572
69 96 221.603
69 97 12.4254
69 98 -96.6789
69 99 86.8516
69 100 167.854
69 101 -39.6658
69 102 -170.104
69 103 -19.8981
69 104 11.4558
69 105 162.909
69 106 62.892
69 107 -78.7068
70 72 -19.0837
70 73 55.7987
70 74 -70.0701
70 75 46.922
70 76 24.87
70 77 83.7191
70 78 44.4962
70 79 -50.5466
70 80 140.23
70 81 22.9004
70 82 -76.7883
70 83 -78.2679
70 84 95.4153
70 85 -35.6681
70 86 25.6237
70 87 177.33
70 88 -25.7751
70 89 -33.8696
70 90 -120.477
70 91 24.1795
70 92 63.9237
70 93 -20.7161
70 94 14.9971
70 95 80.2413
70 96 -38.9081
70 97 7.08006
70 98 -161.052
70 99 -27.148
70 100 152.075
70 101 -123.477
70 102 14.1958
70 103 70.7228
70 104 -31.9394
70 105 59.5109
70 106 62.7745
70 107 66.9127
71 72 55.5241
71 73 -73.8121
71 74 26.1008
71 75 47.6544
71 76 6.32168
71 77 109.186
71 78 32.7992
71 79 -130.593
71 80 21.389
71 81 181.421
71 82 -66.4059
71 83 98.5817
71 84 -100.213
71 85 -64.7044
71 86 -56.4177
71 87 6.50624
71 88 -36.4638
71 89 99.0453
71 90 149.84
71 91 149.879
71 92 -94.476
71 93 25.7286
71 94 40.6535
71 95 51.793
71 96 44.2588
71 97 -8.0948
71 98 -0.647396
71 99 2.15616
71 100 -24.3388
71 101 56.239
71 102 35.861
71 103 175.169
71 104 -113.985
71 105 32.4014
71 106 -7.97971
71 107 -55.0301
0 0 -95.6408
1 0 17.3678
2 0 -83.2986
3 0 -48.8773
4 0 -67.5745
5 0 14.9008
6 0 118.652
7 0 -92.8
8 0 108.345
9 0 -14.3853
10 0 47.1988
11 0 -37.2588
12 0 -38.9645
13 0 2.61227
14 0 -102.271
15 0 -140.696
16 0 -60.5732
17 0 153.361
0 1 -53.7098
1 1 -28.7574
2 1 116.883
3 1 115.706
4 1 15.3637
5 1 -76.0302
6 1 -79.0517
7 1 -58.9692
8 1 67.493
9 1 -173.199
10 1 64.6585
11 1 69.0434
12 1 -66.0961
13 1 -102.372
14 1 66.5551
15 1 203.278
16 1 0.638268
17 1 -34.9168
0 2 -115.268
1 2 77.8545
2 2 82.0091
3 2 -37.4545
4 2 -25.47
5 2 74.154
6 2 -31.9115
7 2 40.8657
8 2 21.7638
9 2 89.1516
10 2 32.2019
11 2 -104.668
12 2 -95.4009
13 2 -75.9562
14 2 -38.5868
15 2 85.2803
16 2 -4.51654
17 2 -26.462
0 3 33.2732
1 3 -76.5194
2 3 121.428
3 3 118.795
4 3 -17.3996
5 3 25.1543
6 3 -29.5073
7 3 -141.18
8 3 -117.217
9 3 46.5141
10 3 -37.6613
11 3 29.9299
12 3 -37.2545
13 3 -59.5686
14 3 135.34
15 3 18.106
16 3 149.268
17 3 -215.751
0 4 -112.679
1 4 -47.3433
2 4 -6.3236
3 4 108.939
4 4 54.5675
5 4 -2.52203
6 4 79.0339
7 4 -10.402
8 4 50.378
9 4 -19.6681
10 4 89.5465
11 4 -43.8818
12 4 -157.498
13 4 -22.6341
14 4 -39.9733
15 4 -180.038
16 4 1.93022
17 4 82.774
0 5 17.7919
1 5 -86.6066
2 5 -55.7879
3 5 -115.395
4 5 -3.63639
5 5 -102.665
6 5 72.5548
7 5 40.7309
8 5 79.165
9 5 -8.89681
10 5 2.08843
11 5 -139.395
12 5 -85.7295
13 5 -128.16
14 5 91.1076
15 5 -98.2969
16 5 147.319
17 5 -152.054
0 6 -63.4696
1 6 -195.799
2 6 -105.099
3 6 90.9228
4 6 228.302
5 6 64.5495
6 6 -135.619
7 6 30.5787
8 6 19.709
9 6 -46.5504
10 6 -45.5366
11 6 87.3922
12 6 -141.66
13 6 51.6555
14 6 -68.4841
15 6 69.2309
16 6 -48.0728
17 6 -79.3134
0 7 -13.7029
1 7 18.6144
2 7 151.06
3 7 -90.1668
4 7 15.9579
5 7 -38.4692
6 7 73.7968
7 7 -27.1045
8 7 88.3484
9 7 -82.5977
10 7 -152.666
11 7 59.9501
12 7 63.8161
13 7 -142.999
14 7 -102.189
15 7 87.3546
16 7 67.8921
17 7 107.948
0 8 6.61915
1 8 72.2543
2 8 -34.4213
3 8 -40.6144
4 8 66.929
5 8 -61.6981
6 8 -37.6003
7 8 68.6179
8 8 54.2684
9 8 -101.801
10 8 42.6543
11 8 190.453
12 8 -36.1988
13 8 -30.3941
14 8 -59.9916
15 8 54.4634
16 8 76.3422
17 8 -157.66
0 9 -108.355
1 9 -162.433
2 9 103.483
3 9 -105.919
4 9 42.0331
5 9 -161.785
6 9 -97.7606
7 9 77.5817
8 9 45.6802
9 9 53.652
10 9 -121.82
11 9 10.0406
12 9 100.549
13 9 161.115
14 9 16.5018
15 9 12.6014
16 9 100.256
17 9 -27.3028
0 10 -10.1642
1 10 -61.9607
2 10 -17.8537
3 10 166.197
4 10 6.13241
5 10 17.8034
6 10 143.28
7 10 -31.3767
8 10 15.2427
9 10 135.881
10 10 -73.1047
11 10 -117.516
12 10 -79.8494
13 10 -55.5413
14 10 -127.508
15 10 9.5436
16 10 -149.928
17 10 -19.8294
0 11 -60.102
1 11 -12.6261
2 11 -28.9002
3 11 -5.07916
4 11 119.156
5 11 -48.8109
6 11 128.766
7 11 -28.6264
8 11 50.6371
9 11 -82.2103
10 11 120.772
11 11 167.418
12 11 73.6245
13 11 20.6206
14 11 53.6659
15 11 -119.658
16 11 -32.9007
17 11 22.7544
0 12 -123.497
1 12 -51.342
2 12 -63.4602
3 12 118.177
4 12 2.44315
5 12 49.9657
6 12 152.586
7 12 -52.6227
8 12 -82.9799
9 12 -97.768
10 12 -87.3252
11 12 80.0775
12 12 -32.865
13 12 221.839
14 12 62.2836
15 12 20.8975
16 12 -37.5796
17 12 -120.223
0 13 -8.55976
1 13 120.118
2 13 129.695
3 13 40.4569
4 13 28.1375
5 13 -0.329005
6 13 77.5619
7 13 -21.4172
8 13 20.334
9 13 -71.4379
10 13 -33.9282
11 13 4.38768
12 13 97.7524
13 13 -89.8562
14 13 -29.2222
15 13 -169.669
16 13 46.8754
17 13 -37.6695
0 14 -102.309
1 14 -41.5465
2 14 39.7737
3 14 -94.915
4 14 118.83
5 14 7.76873
6 14 99.8682
7 14 83.9756
8 14 -173.74
9 14 11.3314
10 14 41.349
11 14 -206.803
12 14 84.3876
13 14 -42.619
14 14 -53.0702
15 14 -87.991
16 14 -17.8544
17 14 -70.296
0 15 49.2404
1 15 152.024
2 15 40.5454
3 15 174.178
4 15 7.4546
5 15 70.2766
6 15 -46.8737
7 15 19.9497
8 15 90.3795
9 15 6.45331
10 15 -43.0075
11 15 20.5029
12 15 -133.41
13 15 -207.496
14 15 9.66433
15 15 104.654
16 15 -251.779
17 15 30.4009
0 16 82.1192
1 16 18.6138
2 16 -48.0871
3 16 -87.4494
4 16 -1.1132
5 16 16.3602
6 16 -104.327
7 16 -30.1372
8 16 55.0274
9 16 69.7417
10 16 30.1139
11 16 -97.4448
12 16 -4.54807
13 16 9.86171
14 16 53.7484
15 16 -101.022
16 16 45.0088
17 16 -24.9779
0 17 162.267
1 17 -136.481
2 17 -24.3418
3 17 -24.6103
4 17 -84.3212
5 17 -139.9
6 17 5.91709
7 17 34.977
8 17 65.8367
9 17 -70.2703
10 17 -68.7142
11 17 -157.619
12 17 12.479
13 17 139.628
14 17 -127.366
15 17 118.675
16 17 -38.4025
17 17 209.461
0 18 -139.552
1 18 -106.981
2 18 65.5654
3 18 51.6874
4 18 124.538
5 18 -21.7257
6 18 27.4421
7 18 30.3393
8 18 101.538
9 18 -126.102
10 18 100.479
11 18 53.7678
12 18 83.6264
13 18 3.2353
14 18 -73.885
15 18 34.6057
16 18 57.8972
17 18 -174.992
0 19 -62.7183
1 19 -67.3026
2 19 23.6286
3 19 12.5114
4 19 -128.604
5 19 34.2334
6 19 101.777
7 19 -182.543
8 19 -69.9909
9 19 -5.95786
10 19 141.01
11 19 -71.7307
12 19 71.1285
13 19 15.8439
14 19 22.9569
15 19 97.5787
16 19 89.6905
17 19 -84.1586
0 20 -70.9864
1 20 110.39
2 20 87.2033
3 20 -53.1463
4 20 19.5656
5 20 138.159
6 20 -63.835
7 20 63.5121
8 20 -206.356
9 20 -126.297
10 20 115.095
11 20 72.2226
12 20 -10.1101
13 20 -22.1278
14 20 235.075
15 20 -110.336
16 20 116.825
17 20 41.8012
0 21 -129.165
1 21 -73.1844
2 21 -93.0235
3 21 -78.3149
4 21 17.4259
5 21 30.7431
6 21 -65.3517
7 21 -87.0023
8 21 -104.063
9 21 10.6093
10 21 -20.8184
11 21 -52.5512
12 21 87.6178
13 21 -98.8224
14 21 109.977
15 21 176.815
16 21 141.682
17 21 104.069
0 22 109.724
1 22 -87.7771
2 22 -11.9696
3 22 -29.8909
4 22 32.5956
5 22 -15.8546
6 22 2.9263
7 22 -94.8672
8 22 178.915
9 22 64.4941
10 22 -121.225
11 22 11.504
12 22 -98.9465
13 22 -33.3736
14 22 -36.9447
15 22 5.20496
16 22 -147.972
17 22 103.239
0 23 -85.7694
1 23 -69.6546
2 23 25.5476
3 23 -208.418
4 23 27.8182
5 23 96.6978
6 23 -10.869
7 23 29.1428
8 23 20.3165
9 23 -22.2635
10 23 -44.2782
11 23 103.518
12 23 -93.5681
13 23 -105.85
14 23 -3.41446
15 23 16.3277
16 23 -45.4377
17 23 138.795
0 24 -36.1347
1 24 107.855
2 24 46.2379
3 24 -40.4918
4 24 5.56822
5 24 -45.999
6 24 70.9347
7 24 -41.1673
8 24 24.4888
9 24 111.052
10 24 -137.106
11 24 -45.9971
12 24 -55.1776
13 24 -15.7187
14 24 -72.4047
15 24 197.688
16 24 2.31365
17 24 -33.787
0 25 -11.5767
1 25 6.09928
2 25 -95.8662
3 25 -155.224
4 25 -33.1882
5 25 110.782
6 25 189.681
7 25 -43.5022
8 25 6.47162
9 25 -67.4969
10 25 -79.5414
11 25 84.2104
12 25 -28.6429
13 25 13.381
14 25 -156.161
15 25 15.7293
16 25 -65.8421
17 25 19.3479
0 26 11.1373
1 26 22.1865
2 26 156.052
3 26 110.001
4 26 -79.3309
5 26 24.9902
6 26 -34.5105
7 26 125.667
8 26 -83.7316
9 26 41.5072
10 26 27.16
11 26 -7.98027
12 26 105.938
13 26 -27.5559
14 26 -31.2129
15 26 -38.5903
16 26 -6.73167
17 26 24.507
0 27 200.858
1 27 40.033
2 27 145.535
3 27 133.871
4 27 -31.4012
5 27 -145.006
6 27 128.555
7 27 8.62133
8 27 91.4258
9 27 100.798
10 27 52.8285
11 27 114.578
12 27 -114.903
13 27 43.3851
14 27 64.666
15 27 -5.50365
16 27 77.0687
17 27 30.3815
0 28 -35.414
1 28 6.31166
2 28 0.207
3 28 -4.64567
4 28 10.7088
5 28 20.0987
6 28 -14.6232
7 28 -4.09352
8 28 27.516
9 28 68.2994
10 28 51.3281
11 28 65.2029
12 28 21.1933
13 28 -32.4921
14 28 67.8113
15 28 6.68624
16 28 59.6569
17 28 -1.39314
0 29 -50.6117
1 29 53.8588
2 29 -8.78432
3 29 17.7439
4 29 20.8266
5 29 101.41
6 29 -46.5341
7 29 -74.2099
8 29 8.84043
9 29 36.5959
10 29 60.3723
11 29 146.891
12 29 -17.2084
13 29 61.9284
14 29 75.8249
15 29 -11.2968
16 29 76.5053
17 29 34.7935
0 30 126.733
1 30 131.463
2 30 -60.9385
3 30 28.6189
4 30 5.19346
5 30 33.7693
6 30 -75.4426
7 30 92.0155
8 30 -78.5708
9 30 66.1873
10 30 101.674
11 30 -7.07263
12 30 -40.5329
13 30 41.9998
14 30 51.1258
15 30 -140.743
16 30 168.719
17 30 7.56749
0 31 24.2963
1 31 61.8919
2 31 73.0143
3 31 120.685
4 31 -92.6539
5 31 7.41399
6 31 -74.2595
7 31 183.332
8 31 -25.833
9 31 27.0011
10 31 -16.7017
11 31 -160.897
12 31 -165.019
13 31 -49.2399
14 31 -107.515
15 31 13.6741
16 31 -103.918
17 31 -139.575
0 32 -18.9698
1 32 -136.941
2 32 -3.50249
3 32 102.716
4 32 -10.1984
5 32 22.7361
6 32 196.753
7 32 -0.0280121
8 32 117.031
9 32 -92.9178
10 32 -72.4517
11 32 201.724
12 32 124.564
13 32 119.047
14 32 37.7997
15 32 9.68292
16 32 -21.4663
17 32 -75.5827
0 33 75.3887
1 33 101.931
2 33 68.1427
3 33 -132.426
4 33 -84.5694
5 33 -178.161
6 33 -106.339
7 33 68.7842
8 33 -38.5843
9 33 -148.168
10 33 -13.5838
11 33 49.6755
12 33 -87.3256
13 33 63.3251
14 33 47.073
15 33 -122.501
16 33 122.801
17 33 -166.997
0 34 24.9703
1 34 -27.1016
2 34 71.652
3 34 -29.6819
4 34 -77.7508
5 34 -56.5464
6 34 79.0337
7 34 -123.006
8 34 -262.419
9 34 -118.47
10 34 -103.173
11 34 69.3444
12 34 -76.526
13 34 -109.361
14 34 10.5485
15 34 -87.6409
16 34 -31.7329
17 34 -197.688
0 35 135.785
1 35 260.3
2 35 65.7862
3 35 27.2836
4 35 46.5582
5 35 -215.186
6 35 88.5688
7 35 -90.8882
8 35 153.637
9 35 -36.1313
10 35 -43.2905
11 35 -120.298
12 35 -11.5481
13 35 75.1499
14 35 69.0283
15 35 -51.7617
16 35 54.8697
17 35 -42.6493
108 112 -36.1544
108 113 -110.423
108 114 -151.951
108 115 -55.8985
109 112 -59.677
109 113 37.0771
109 114 52.1996
109 115 -188.976
110 112 19.9023
110 113 -18.0611
110 114 156.509
110 115 -151.93
111 112 17.2263
111 113 -146.499
111 114 18.2985
111 115 5.27425
0 108 -126.296
1 108 2.63516
2 108 -32.1244
3 108 36.7478
4 108 -175.467
5 108 13.6312
6 108 5.32701
7 108 -105.214
8 108 44.2846
9 108 26.173
10 108 -64.0592
11 108 35.11
12 108 -57.4736
13 108 -42.1398
14 108 -34.6707
15 108 15.2011
16 108 -91.0537
17 108 -109.568
0 109 91.8571
1 109 105.014
2 109 141.04
3 109 -89.6105
4 109 65.334
5 109 99.9713
6 109 -102.776
7 109 56.368
8 109 -62.3522
9 109 92.9986
10 109 -13.9345
11 109 171.403
12 109 77.8481
13 109 101.514
14 109 27.6247
15 109 117.752
16 109 37.1295
17 109 90.8142
0 110 -111.941
1 110 -63.536
2 110 3.75375
3 110 115.444
4 110 -101.303
5 110 59.6157
6 110 -42.1362
7 110 8.87868
8 110 15.6305
9 110 144.159
10 110 291.433
11 110 -131.77
12 110 106.61
13 110 11.0329
14 110 -71.5853
15 110 -119.049
16 110 65.8156
17 110 -74.8229
0 111 -50.5978
1 111 -55.4841
2 111 -4.81414
3 111 90.8081
4 111 -109.087
5 111 -155.083
6 111 -68.0493
7 111 -91.7757
8 111 95.8393
9 111 57.5435
10 111 72.2389
11 111 -69.1103
12 111 -10.9985
13 111 -28.1963
14 111 119.955
15 111 -49.2479
16 111 102.605
17 111 148.427
