soma 44
SIGMOID
SIGMOID
SIGMOID
SIGMOID
SIGMOID
SIGMOID
SIGMOID
SIGMOID
SIGMOID
SIGMOID
SIGMOID
SIGMOID
SIGMOID
SIGMOID
SIGMOID
SIGMOID
SIGMOID
SIGMOID
SIGMOID
SIGMOID
SIGMOID
SIGMOID
SIGMOID
SIGMOID
SIGMOID
SIGMOID
SIGMOID
SIGMOID
SIGMOID
SIGMOID
SIGMOID
SIGMOID
SIGMOID
SIGMOID
SIGMOID
SIGMOID
SIGMOID
SIGMOID
SIGMOID
SIGMOID
LINEAR
LINEAR
LINEAR
LINEAR
18 0 1 2 3 4 5 6 7 8 9 10 11 12 13 14 15 16 17
# input_soma output_soma weight
synapse 736
0 18 -0.598632
0 19 -1.47474
0 20 0.399121
0 21 -0.355138
0 22 -0.453781
0 23 0.192842
0 24 -0.136784
0 25 -0.251661
0 26 0.619956
0 27 -0.0483646
0 28 0.389896
0 29 -0.597305
0 30 0.0127898
0 31 0.534398
0 32 0.454336
0 33 -0.636025
0 34 0.126823
0 35 -1.04318
1 18 0.321106
1 19 -0.0844829
1 20 0.117621
1 21 0.288643
1 22 0.176303
1 23 -0.64919
1 24 -0.687738
1 25 -0.0542193
1 26 0.02014
1 27 0.497631
1 28 0.151828
1 29 0.379291
1 30 -0.534622
1 31 -0.976112
1 32 -0.38519
1 33 -0.0644418
1 34 -0.116379
1 35 0.199064
2 18 -0.0535097
2 19 0.264591
2 20 -0.0947492
2 21 -0.292972
2 22 1.56418
2 23 -0.834504
2 24 0.317245
2 25 0.474777
2 26 0.824944
2 27 1.24792
2 28 -0.354881
2 29 -0.856946
2 30 0.942949
2 31 0.118353
2 32 0.314343
2 33 -1.30424
2 34 -0.32253
2 35 -0.348965
3 18 0.402521
3 19 0.229562
3 20 0.505602
3 21 0.304748
3 22 0.467618
3 23 -0.269066
3 24 -1.04285
3 25 0.198671
3 26 -1.0476
3 27 0.409689
3 28 -0.277191
3 29 0.759137
3 30 -0.936375
3 31 0.221343
3 32 0.608226
3 33 0.184368
3 34 0.252601
3 35 -0.00274068
4 18 -1.08922
4 19 -0.212636
4 20 0.484739
4 21 -0.0450977
4 22 -0.547008
4 23 0.138034
4 24 -0.161102
4 25 -0.444198
4 26 -0.0752726
4 27 0.912866
4 28 -0.639757
4 29 0.167749
4 30 1.17085
4 31 -1.31709
4 32 -0.673037
4 33 -0.773683
4 34 0.260991
4 35 0.471589
5 18 1.73611
5 19 -0.317587
5 20 0.249003
5 21 0.868749
5 22 0.652475
5 23 -0.282261
5 24 0.364912
5 25 -0.116813
5 26 -0.963432
5 27 0.0928337
5 28 0.30955
5 29 -0.353584
5 30 -0.346267
5 31 -0.614809
5 32 0.0207869
5 33 0.600117
5 34 -0.73709
5 35 -0.655389
6 18 -0.537178
6 19 -0.798901
6 20 0.394293
6 21 0.664907
6 22 0.82069
6 23 -0.397703
6 24 0.0864001
6 25 0.019608
6 26 -0.564475
6 27 0.656333
6 28 -0.228857
6 29 0.182114
6 30 -0.499713
6 31 -0.230294
6 32 0.116652
6 33 -0.14431
6 34 0.675297
6 35 -0.449547
7 18 -1.01203
7 19 0.0697297
7 20 -0.196915
7 21 0.182812
7 22 0.305943
7 23 0.891423
7 24 0.339546
7 25 -0.725517
7 26 -0.605025
7 27 -0.87723
7 28 0.620388
7 29 -0.273706
7 30 -0.356023
7 31 0.231043
7 32 -0.317564
7 33 0.0882935
7 34 -0.296541
7 35 -0.378531
8 18 0.152332
8 19 -0.616498
8 20 0.264475
8 21 -0.679163
8 22 -0.194811
8 23 0.69922
8 24 -0.0590263
8 25 -0.0231455
8 26 -1.4478
8 27 0.105471
8 28 0.0949676
8 29 -0.247579
8 30 -0.698687
8 31 -0.516231
8 32 1.31764
8 33 -0.575933
8 34 0.854542
8 35 0.199052
9 18 -1.07587
9 19 -0.458402
9 20 -0.526199
9 21 0.256804
9 22 0.852116
9 23 -0.330334
9 24 -0.293359
9 25 -0.790345
9 26 0.363634
9 27 -0.039187
9 28 0.509736
9 29 0.626513
9 30 0.314217
9 31 -1.65423
9 32 0.411278
9 33 -0.809525
9 34 0.0473377
9 35 0.410168
10 18 -0.0613619
10 19 0.234436
10 20 0.0807341
10 21 -0.484168
10 22 0.0621429
10 23 1.61733
10 24 -0.164911
10 25 -0.233823
10 26 -0.90303
10 27 0.116293
10 28 0.397688
10 29 0.107929
10 30 -0.478459
10 31 0.088717
10 32 0.267074
10 33 -0.506835
10 34 1.73296
10 35 -0.720902
11 18 -0.197281
11 19 0.312422
11 20 -0.899384
11 21 -0.12696
11 22 -1.48949
11 23 0.0695292
11 24 -0.484309
11 25 -0.449082
11 26 0.330033
11 27 0.825879
11 28 0.263991
11 29 0.18265
11 30 0.733506
11 31 0.00587431
11 32 0.282685
11 33 -0.150814
11 34 -0.170038
11 35 -0.0952379
12 18 0.476926
12 19 0.243479
12 20 0.214443
12 21 -0.146142
12 22 -0.0688054
12 23 0.272304
12 24 -0.442572
12 25 -0.600458
12 26 0.744244
12 27 0.193316
12 28 -0.278812
12 29 1.45118
12 30 -0.613072
12 31 -0.985207
12 32 0.519755
12 33 -0.492117
12 34 0.23378
12 35 -0.539276
13 18 0.314322
13 19 0.00124198
13 20 -0.583967
13 21 -0.779607
13 22 0.0483879
13 23 0.182039
13 24 0.0668103
13 25 1.21847
13 26 -0.637975
13 27 0.359276
13 28 0.403254
13 29 0.0643093
13 30 -0.466561
13 31 -0.415614
13 32 -0.410949
13 33 -0.0483042
13 34 0.564581
13 35 -0.560519
14 18 0.338733
14 19 -0.519511
14 20 -0.33874
14 21 0.294135
14 22 -0.934424
14 23 -0.843313
14 24 -0.428831
14 25 0.147603
14 26 0.358959
14 27 -0.111645
14 28 -1.15898
14 29 0.67501
14 30 -0.291544
14 31 0.0950904
14 32 -0.2104
14 33 -0.639324
14 34 0.0380339
14 35 -0.403104
15 18 0.529838
15 19 -0.0665834
15 20 0.884851
15 21 -0.162648
15 22 0.134611
15 23 0.00960492
15 24 0.0926474
15 25 0.0458846
15 26 0.128302
15 27 0.360123
15 28 0.374343
15 29 0.738709
15 30 0.91451
15 31 -1.12591
15 32 0.195359
15 33 -0.432094
15 34 -0.0603265
15 35 -0.282891
16 18 0.441258
16 19 0.35213
16 20 0.480634
16 21 0.0360358
16 22 -0.0349056
16 23 0.486361
16 24 0.645981
16 25 -1.0761
16 26 -0.212882
16 27 -0.182447
16 28 0.925627
16 29 -0.426069
16 30 0.418489
16 31 0.464744
16 32 -0.829416
16 33 1.12243
16 34 -0.315901
16 35 -0.0430784
17 18 0.172262
17 19 -0.689312
17 20 -0.58309
17 21 0.233258
17 22 -0.240376
17 23 -0.00575641
17 24 -0.319444
17 25 0.360338
17 26 -0.658404
17 27 0.586623
17 28 -0.223793
17 29 -0.088408
17 30 -0.456652
17 31 -0.602282
17 32 -0.664717
17 33 0.43428
17 34 -0.125584
17 35 -0.405567
0 0 0.0103815
1 0 -0.329
2 0 0.564183
3 0 -0.167073
4 0 -0.716359
5 0 0.556537
6 0 0.548437
7 0 -0.681461
8 0 -1.37957
9 0 -0.552932
10 0 -0.598743
11 0 -0.623051
12 0 -0.0269068
13 0 0.365363
14 0 -1.1749
15 0 -0.324207
16 0 -0.456544
17 0 -0.489911
0 1 0.188176
1 1 -0.107148
2 1 0.412322
3 1 -0.377829
4 1 0.705261
5 1 0.170175
6 1 0.50445
7 1 0.340192
8 1 0.903207
9 1 -0.581741
10 1 -1.10276
11 1 -0.200479
12 1 0.665168
13 1 -0.10881
14 1 -1.00855
15 1 -0.470689
16 1 0.30956
17 1 -0.751886
0 2 1.13289
1 2 -0.049195
2 2 -0.140915
3 2 0.162898
4 2 -0.435766
5 2 0.532695
6 2 0.422454
7 2 0.612694
8 2 0.131636
9 2 -0.585501
10 2 -0.531828
11 2 0.324261
12 2 -0.319587
13 2 0.627092
14 2 0.242325
15 2 -1.05638
16 2 1.26625
17 2 0.0633196
0 3 -0.0281022
1 3 0.207414
2 3 -0.180452
3 3 -0.171489
4 3 -0.801874
5 3 0.682681
6 3 -0.246548
7 3 0.946448
8 3 0.10489
9 3 -0.0344368
10 3 0.361183
11 3 -0.57531
12 3 -0.215389
13 3 -0.470613
14 3 -0.834943
15 3 1.1966
16 3 -0.0128696
17 3 0.120922
0 4 -0.700495
1 4 0.731918
2 4 0.825204
3 4 0.151775
4 4 0.641107
5 4 0.53602
6 4 -0.640826
7 4 -0.140692
8 4 0.250114
9 4 -0.614544
10 4 -0.00155487
11 4 -0.11446
12 4 0.216015
13 4 0.0958791
14 4 -1.48586
15 4 -0.0063659
16 4 0.438341
17 4 0.769766
0 5 0.0232058
1 5 0.101454
2 5 0.372041
3 5 -0.695997
4 5 0.496298
5 5 -0.21385
6 5 1.14495
7 5 0.62543
8 5 -0.0250666
9 5 -0.500769
10 5 -0.156243
11 5 -0.58412
12 5 -0.687539
13 5 0.461947
14 5 0.415655
15 5 0.708036
16 5 0.86469
17 5 -0.340905
0 6 -0.726974
1 6 0.233406
2 6 -0.00112936
3 6 0.514335
4 6 0.550751
5 6 -0.836479
6 6 -0.084969
7 6 0.939238
8 6 -0.594631
9 6 -0.310855
10 6 -0.117386
11 6 -0.870429
12 6 0.792469
13 6 -0.565173
14 6 -0.315382
15 6 0.844592
16 6 0.0745386
17 6 -0.0730329
0 7 -0.800888
1 7 0.236593
2 7 0.530978
3 7 0.749225
4 7 1.4177
5 7 -0.124006
6 7 0.122545
7 7 -0.420408
8 7 0.709937
9 7 0.768125
10 7 0.186316
11 7 0.450915
12 7 -0.660135
13 7 0.0283359
14 7 -0.34419
15 7 1.12914
16 7 0.601564
17 7 1.08979
0 8 -0.122329
1 8 -0.0642361
2 8 0.185398
3 8 0.308008
4 8 -0.300593
5 8 0.0956005
6 8 -1.71698
7 8 -0.117396
8 8 -0.90265
9 8 0.928551
10 8 1.51256
11 8 -0.28987
12 8 -0.856853
13 8 -0.331317
14 8 0.353954
15 8 0.224646
16 8 0.187667
17 8 -0.0468403
0 9 -0.119916
1 9 -0.303911
2 9 0.0195799
3 9 0.952496
4 9 0.0281113
5 9 -0.266467
6 9 0.11046
7 9 -1.29821
8 9 -0.911584
9 9 0.998864
10 9 -0.635816
11 9 0.632848
12 9 0.117667
13 9 0.36642
14 9 0.899429
15 9 -0.491825
16 9 0.199927
17 9 0.00380081
0 10 0.112239
1 10 -0.3411
2 10 0.687405
3 10 0.982333
4 10 1.00329
5 10 -0.00884858
6 10 -0.762134
7 10 0.51808
8 10 -0.614776
9 10 1.73409
10 10 0.735746
11 10 -0.904777
12 10 0.0665961
13 10 0.261278
14 10 0.185932
15 10 -0.213667
16 10 0.535658
17 10 1.55971
0 11 -0.355665
1 11 -1.06263
2 11 0.114521
3 11 -0.805232
4 11 0.13554
5 11 0.00948165
6 11 0.494227
7 11 0.488381
8 11 0.179244
9 11 0.615803
10 11 1.27752
11 11 -0.213063
12 11 0.262166
13 11 0.484718
14 11 -0.259562
15 11 -0.350327
16 11 -1.24504
17 11 0.229895
0 12 0.160612
1 12 -0.434387
2 12 0.619971
3 12 0.615769
4 12 0.219877
5 12 0.0417045
6 12 -0.0122844
7 12 -0.313625
8 12 -0.538287
9 12 -0.181412
10 12 0.538023
11 12 0.801716
12 12 -0.939759
13 12 0.718475
14 12 0.932872
15 12 0.403353
16 12 0.131933
17 12 0.0950582
0 13 0.484435
1 13 -0.286098
2 13 0.595991
3 13 -0.181125
4 13 -1.18338
5 13 -0.459273
6 13 0.292984
7 13 -0.529542
8 13 -0.751634
9 13 -0.265532
10 13 0.571308
11 13 -1.03465
12 13 0.779123
13 13 0.279245
14 13 -0.310432
15 13 0.175519
16 13 0.211723
17 13 0.256197
0 14 0.534905
1 14 0.598123
2 14 -2.19374
3 14 0.724096
4 14 -0.420778
5 14 0.294982
6 14 0.236201
7 14 0.609968
8 14 1.01179
9 14 -0.302536
10 14 -0.123637
11 14 0.0506429
12 14 -0.66857
13 14 -0.284113
14 14 -0.496644
15 14 0.219936
16 14 0.287171
17 14 -0.0315956
0 15 0.516655
1 15 0.558183
2 15 -0.389729
3 15 1.03796
4 15 -0.217146
5 15 0.0355148
6 15 0.0989816
7 15 0.922662
8 15 0.497187
9 15 -0.549244
10 15 0.909741
11 15 0.460894
12 15 0.374041
13 15 0.422714
14 15 -0.601822
15 15 -0.672922
16 15 0.326714
17 15 -0.189216
0 16 -0.20416
1 16 -0.57191
2 16 -0.0147275
3 16 0.0345777
4 16 0.865597
5 16 0.299532
6 16 -0.640537
7 16 0.3249
8 16 -0.783148
9 16 -0.036259
10 16 0.827305
11 16 0.724514
12 16 0.342593
13 16 -0.100985
14 16 0.104839
15 16 0.0413262
16 16 0.321203
17 16 -0.259569
0 17 -1.10917
1 17 -0.280296
2 17 -0.17508
3 17 -0.318076
4 17 0.379935
5 17 0.0258273
6 17 0.799282
7 17 0.758521
8 17 -0.640528
9 17 -0.618208
10 17 -0.322414
11 17 0.202868
12 17 -0.0393334
13 17 -0.486331
14 17 -0.941479
15 17 -0.283257
16 17 0.67186
17 17 -0.307036
36 40 0.226448
36 41 0.506354
36 42 0.375328
36 43 -0.458472
37 40 0.362975
37 41 0.403198
37 42 -0.78032
37 43 1.28417
38 40 -0.469462
38 41 -0.463587
38 42 -0.680018
38 43 0.237151
39 40 0.709538
39 41 -0.331557
39 42 0.0621331
39 43 -0.265986
0 36 0.113576
1 36 -0.137066
2 36 -0.595751
3 36 -0.565695
4 36 0.00909043
5 36 -1.04341
6 36 -0.0792804
7 36 0.522093
8 36 -0.4383
9 36 0.41384
10 36 -0.586909
11 36 0.526283
12 36 0.149582
13 36 -0.0442518
14 36 -0.79459
15 36 0.223477
16 36 -0.616075
17 36 0.00525515
0 37 -0.605831
1 37 -0.406799
2 37 -0.152756
3 37 0.258717
4 37 -0.246035
5 37 -0.152648
6 37 0.114641
7 37 -0.848503
8 37 0.62705
9 37 -1.04124
10 37 0.50359
11 37 0.54165
12 37 0.152178
13 37 -0.112053
14 37 0.188878
15 37 0.232425
16 37 -0.811605
17 37 -0.330914
0 38 0.479974
1 38 -0.343134
2 38 -0.422165
3 38 0.134375
4 38 -0.84398
5 38 0.428455
6 38 -0.0776565
7 38 0.173485
8 38 0.235882
9 38 0.066502
10 38 -0.0114728
11 38 -0.0214765
12 38 0.410292
13 38 -0.132665
14 38 -0.0560339
15 38 0.527917
16 38 -1.35041
17 38 -0.0236425
0 39 0.577891
1 39 -0.343738
2 39 0.926245
3 39 0.297496
4 39 -0.355674
5 39 0.931355
6 39 -0.321429
7 39 -0.716114
8 39 0.45859
9 39 -0.928314
10 39 -0.238154
11 39 -0.040084
12 39 0.471902
13 39 -0.449541
14 39 0.277171
15 39 0.0575178
16 39 -0.0888045
17 39 -0.189714
