soma 116
SIGMOID
SIGMOID
SIGMOID
SIGMOID
SIGMOID
SIGMOID
SIGMOID
SIGMOID
SIGMOID
SIGMOID
SIGMOID
SIGMOID
SIGMOID
SIGMOID
SIGMOID
SIGMOID
SIGMOID
SIGMOID
SIGMOID
SIGMOID
SIGMOID
SIGMOID
SIGMOID
SIGMOID
SIGMOID
SIGMOID
SIGMOID
SIGMOID
SIGMOID
SIGMOID
SIGMOID
SIGMOID
SIGMOID
SIGMOID
SIGMOID
SIGMOID
SIGMOID
SIGMOID
SIGMOID
SIGMOID
SIGMOID
SIGMOID
SIGMOID
SIGMOID
SIGMOID
SIGMOID
SIGMOID
SIGMOID
SIGMOID
SIGMOID
SIGMOID
SIGMOID
SIGMOID
SIGMOID
SIGMOID
SIGMOID
SIGMOID
SIGMOID
SIGMOID
SIGMOID
SIGMOID
SIGMOID
SIGMOID
SIGMOID
SIGMOID
SIGMOID
SIGMOID
SIGMOID
SIGMOID
SIGMOID
SIGMOID
SIGMOID
SIGMOID
SIGMOID
SIGMOID
SIGMOID
SIGMOID
SIGMOID
SIGMOID
SIGMOID
SIGMOID
SIGMOID
SIGMOID
SIGMOID
SIGMOID
SIGMOID
SIGMOID
SIGMOID
SIGMOID
SIGMOID
SIGMOID
SIGMOID
SIGMOID
SIGMOID
SIGMOID
SIGMOID
SIGMOID
SIGMOID
SIGMOID
SIGMOID
SIGMOID
SIGMOID
SIGMOID
SIGMOID
SIGMOID
SIGMOID
SIGMOID
SIGMOID
SIGMOID
SIGMOID
SIGMOID
SIGMOID
GAUSSIAN
GAUSSIAN
GAUSSIAN
18 0 1 2 3 4 5 6 7 8 9 10 11 12 13 14 15 16 17
# input_soma output_soma weight
synapse 3328
0 36 7.80603
0 37 -20.8866
0 38 -19.5979
0 39 12.9799
0 40 27.5799
0 41 8.45175
0 42 -14.8984
0 43 -33.6664
0 44 9.32324
0 45 2.09306
0 46 15.9397
0 47 -8.83197
0 48 -33.7978
0 49 9.32943
0 50 -12.5064
0 51 25.2669
0 52 5.40648
0 53 -10.839
0 54 7.8354
0 55 11.648
0 56 72.5
0 57 15.1654
0 58 17.4525
0 59 -15.5007
0 60 -16.5913
0 61 38.8375
0 62 -40.966
0 63 -13.1328
0 64 1.57385
0 65 2.17458
0 66 29.256
0 67 21.1819
0 68 21.8848
0 69 18.7661
0 70 12.0003
0 71 -3.32074
1 36 26.8047
1 37 -40.1103
1 38 -48.3042
1 39 -27.8104
1 40 7.01537
1 41 -15.5152
1 42 -26.251
1 43 -32.9353
1 44 14.1458
1 45 16.3427
1 46 -13.936
1 47 22.4759
1 48 -16.2572
1 49 16.1969
1 50 -4.70562
1 51 0.117373
1 52 -22.5421
1 53 -36.0545
1 54 -5.46935
1 55 -22.4533
1 56 -4.46946
1 57 -34.4173
1 58 -33.7223
1 59 15.4253
1 60 1.88535
1 61 -40.2199
1 62 25.6988
1 63 14.7493
1 64 -37.6787
1 65 14.1842
1 66 -42.1594
1 67 37.4774
1 68 -14.2619
1 69 18.4861
1 70 47.4404
1 71 4.90242
2 36 -12.0573
2 37 36.3865
2 38 -29.9524
2 39 -1.9694
2 40 20.2385
2 41 -11.0404
2 42 -15.3538
2 43 12.4013
2 44 -1.94692
2 45 -12.8115
2 46 -14.8029
2 47 9.86068
2 48 26.0545
2 49 6.97654
2 50 5.19752
2 51 -35.0803
2 52 -12.0816
2 53 -32.8209
2 54 9.73173
2 55 -11.5988
2 56 27.2626
2 57 14.1096
2 58 11.7857
2 59 -14.451
2 60 -22.7636
2 61 -29.9884
2 62 -38.7535
2 63 -30.3168
2 64 -9.78092
2 65 -40.4959
2 66 22.1709
2 67 7.48867
2 68 -15.0491
2 69 -5.04826
2 70 -3.73454
2 71 -15.5672
3 36 -33.7447
3 37 20.8224
3 38 -18.371
3 39 28.867
3 40 -11.6263
3 41 -0.89562
3 42 31.1488
3 43 21.8987
3 44 16.9153
3 45 18.3439
3 46 11.4836
3 47 16.1895
3 48 -20.8019
3 49 30.9571
3 50 -0.128949
3 51 -15.1561
3 52 9.97362
3 53 2.07166
3 54 20.5679
3 55 -12.5533
3 56 23.2653
3 57 -17.4076
3 58 2.66649
3 59 -19.7325
3 60 -4.70995
3 61 -30.5771
3 62 -10.5388
3 63 -49.6619
3 64 34.1853
3 65 -5.76015
3 66 -10.463
3 67 -14.3485
3 68 -18.4138
3 69 -2.27178
3 70 13.1662
3 71 -32.5046
4 36 1.3801
4 37 0.45481
4 38 18.3091
4 39 35.3189
4 40 37.7277
4 41 -18.9202
4 42 11.5559
4 43 16.4256
4 44 4.94408
4 45 21.5354
4 46 29.6244
4 47 10.3937
4 48 -27.2581
4 49 -23.8831
4 50 -7.92852
4 51 0.208187
4 52 -8.2147
4 53 25.4101
4 54 -11.8911
4 55 5.13024
4 56 55.3322
4 57 28.3743
4 58 -10.7378
4 59 -27.2379
4 60 3.1655
4 61 16.8673
4 62 -62.2174
4 63 -45.8842
4 64 -14.0381
4 65 -9.47211
4 66 10.92
4 67 -9.06763
4 68 -43.342
4 69 -21.7256
4 70 46.0841
4 71 27.2624
5 36 -3.97974
5 37 10.6571
5 38 -13.8637
5 39 19.3728
5 40 -1.38258
5 41 -22.0056
5 42 42.5186
5 43 -27.5055
5 44 -13.3527
5 45 9.63936
5 46 35.3729
5 47 -4.51103
5 48 -21.2083
5 49 8.34173
5 50 -32.7951
5 51 -2.40994
5 52 -11.1706
5 53 -48.9984
5 54 18.0735
5 55 25.1023
5 56 -0.580793
5 57 27.6643
5 58 5.91642
5 59 -24.8077
5 60 19.7757
5 61 -5.31219
5 62 -24.1166
5 63 -8.95618
5 64 14.2373
5 65 -29.2838
5 66 -2.9704
5 67 59.173
5 68 -58.5019
5 69 -23.6512
5 70 -11.9073
5 71 -1.5163
6 36 -51.5241
6 37 -14.2334
6 38 -0.0848821
6 39 9.38889
6 40 -2.7634
6 41 18.3736
6 42 4.62161
6 43 29.8968
6 44 8.80152
6 45 -13.6129
6 46 17.887
6 47 -11.1967
6 48 10.3066
6 49 -5.62651
6 50 24.9584
6 51 17.6071
6 52 -26.0714
6 53 -25.0332
6 54 -27.8858
6 55 -4.01279
6 56 24.5577
6 57 -37.8826
6 58 -45.0818
6 59 -18.6276
6 60 -15.437
6 61 15.4309
6 62 37.5686
6 63 19.7342
6 64 -23.4458
6 65 -34.2726
6 66 -44.7077
6 67 -39.7808
6 68 -4.79604
6 69 -3.84407
6 70 -7.09376
6 71 35.3907
7 36 22.8194
7 37 6.91305
7 38 -33.1124
7 39 15.6755
7 40 -43.6534
7 41 24.2262
7 42 4.70409
7 43 -29.566
7 44 5.63559
7 45 4.95232
7 46 30.9866
7 47 -15.6824
7 48 16.632
7 49 5.57957
7 50 38.1897
7 51 -8.45956
7 52 36.4895
7 53 18.2751
7 54 30.1605
7 55 -7.68813
7 56 -1.6982
7 57 72.1806
7 58 -36.8906
7 59 -25.3037
7 60 -24.8291
7 61 -24.8443
7 62 -19.7882
7 63 -10.2322
7 64 -6.01986
7 65 42.326
7 66 12.2483
7 67 -22.1204
7 68 -8.60634
7 69 48.8529
7 70 -21.567
7 71 -29.5241
8 36 -21.0644
8 37 -11.2533
8 38 -0.773934
8 39 -4.82328
8 40 -31.4777
8 41 40.6238
8 42 5.61173
8 43 -4.92258
8 44 -29.4332
8 45 15.9345
8 46 -7.48383
8 47 2.34615
8 48 -20.0053
8 49 -0.931908
8 50 0.0281867
8 51 -0.925255
8 52 -52.6424
8 53 15.2328
8 54 9.51342
8 55 33.7702
8 56 34.6361
8 57 -33.4378
8 58 14.0985
8 59 -3.76012
8 60 15.3956
8 61 -4.59561
8 62 12.11
8 63 30.3594
8 64 51.9639
8 65 -15.805
8 66 13.4953
8 67 19.673
8 68 9.80813
8 69 -40.1562
8 70 23.2553
8 71 -7.47993
9 36 -14.9078
9 37 -8.23325
9 38 -7.22985
9 39 -5.74324
9 40 20.9877
9 41 -6.34587
9 42 -27.2729
9 43 11.1936
9 44 14.8719
9 45 -6.36399
9 46 -2.55837
9 47 22.6883
9 48 6.81893
9 49 30.2622
9 50 -29.8021
9 51 -19.1359
9 52 -37.6043
9 53 -1.33833
9 54 -13.8369
9 55 -42.6544
9 56 1.19118
9 57 -35.0656
9 58 17.7684
9 59 37.5561
9 60 -12.2051
9 61 3.12848
9 62 26.7346
9 63 -6.00687
9 64 -11.77
9 65 -16.595
9 66 18.6373
9 67 -15.1919
9 68 -27.1129
9 69 23.1072
9 70 -6.32116
9 71 -14.7419
10 36 17.4995
10 37 -30.2524
10 38 29.079
10 39 -22.9179
10 40 26.4905
10 41 -23.5762
10 42 11.4762
10 43 -0.919655
10 44 8.84618
10 45 13.6417
10 46 -15.304
10 47 7.46591
10 48 -20.6872
10 49 1.61929
10 50 1.99924
10 51 1.82094
10 52 -31.1074
10 53 13.0239
10 54 -6.47599
10 55 5.11746
10 56 28.3909
10 57 -73.3212
10 58 3.91088
10 59 -17.6427
10 60 9.50647
10 61 13.4627
10 62 -41.0619
10 63 -34.4212
10 64 26.4706
10 65 -25.8001
10 66 -32.3338
10 67 -2.88589
10 68 -24.5831
10 69 -9.66686
10 70 16.2494
10 71 -19.1976
11 36 -16.9503
11 37 -1.86876
11 38 0.774572
11 39 14.1421
11 40 -3.39869
11 41 -10.4701
11 42 9.77959
11 43 -18.9329
11 44 30.6715
11 45 30.963
11 46 -4.50671
11 47 -20.1901
11 48 47.7215
11 49 -1.11564
11 50 -27.3602
11 51 -7.76986
11 52 -56.9615
11 53 15.3336
11 54 -3.44259
11 55 -9.86224
11 56 -20.9263
11 57 -35.4825
11 58 10.6741
11 59 26.537
11 60 12.1368
11 61 -9.77362
11 62 25.323
11 63 -14.0399
11 64 -1.11621
11 65 21.9231
11 66 -20.0638
11 67 -19.1894
11 68 27.2741
11 69 -0.507422
11 70 41.0261
11 71 -30.8938
12 36 6.79714
12 37 8.57577
12 38 4.67056
12 39 -13.702
12 40 -8.37249
12 41 -12.7787
12 42 -28.0803
12 43 -20.5951
12 44 -1.02722
12 45 -7.70757
12 46 -30.255
12 47 26.1899
12 48 -19.4331
12 49 3.9859
12 50 27.3487
12 51 16.2382
12 52 0.00480576
12 53 -38.7004
12 54 44.6837
12 55 -7.56604
12 56 8.99343
12 57 -39.993
12 58 -26.9504
12 59 -50.2183
12 60 25.6047
12 61 -26.2449
12 62 21.4618
12 63 -13.8754
12 64 0.696892
12 65 3.67039
12 66 -21.929
12 67 -4.24085
12 68 1.66789
12 69 -58.8227
12 70 -18.5817
12 71 23.0545
13 36 11.0297
13 37 -19.6386
13 38 -7.28616
13 39 1.1938
13 40 -15.3869
13 41 28.2539
13 42 30.5977
13 43 61.8943
13 44 -14.8397
13 45 -22.2087
13 46 25.4473
13 47 -22.2525
13 48 5.49997
13 49 -12.9287
13 50 34.295
13 51 17.1374
13 52 25.9642
13 53 14.5697
13 54 -27.3861
13 55 -15.8334
13 56 -0.496795
13 57 -5.59941
13 58 -37.6697
13 59 33.9508
13 60 6.06297
13 61 -35.6893
13 62 13.5478
13 63 -33.8924
13 64 16.622
13 65 37.6026
13 66 -12.2115
13 67 0.995085
13 68 2.87461
13 69 17.4536
13 70 44.4446
13 71 -21.1993
14 36 -0.757633
14 37 4.15496
14 38 -4.77979
14 39 0.115877
14 40 44.414
14 41 -35.1387
14 42 -46.853
14 43 -36.0692
14 44 -47.6113
14 45 -8.79499
14 46 -5.31331
14 47 19.4778
14 48 20.3274
14 49 12.9884
14 50 1.89431
14 51 -33.0262
14 52 -45.5753
14 53 18.4541
14 54 23.7506
14 55 -38.6387
14 56 14.644
14 57 27.7553
14 58 0.474734
14 59 -17.2679
14 60 -24.2465
14 61 -5.33176
14 62 9.03361
14 63 38.4763
14 64 -8.49123
14 65 -8.05856
14 66 -22.0905
14 67 4.19093
14 68 62.2463
14 69 10.7685
14 70 7.68208
14 71 18.4288
15 36 0.800436
15 37 -21.0708
15 38 27.417
15 39 11.5388
15 40 -25.5777
15 41 -37.8894
15 42 8.46072
15 43 0.35384
15 44 36.4897
15 45 14.5739
15 46 6.27066
15 47 6.76976
15 48 -37.8145
15 49 13.6874
15 50 60.5621
15 51 -10.8528
15 52 28.5328
15 53 39.8702
15 54 31.6296
15 55 -6.18765
15 56 20.1363
15 57 -13.0764
15 58 -6.92393
15 59 -18.8043
15 60 20.2844
15 61 28.025
15 62 21.1043
15 63 -0.287245
15 64 -28.773
15 65 -25.3983
15 66 -0.489621
15 67 10.2979
15 68 -15.6503
15 69 -4.84556
15 70 -34.0951
15 71 -22.4754
16 36 -2.93094
16 37 4.79364
16 38 -35.7764
16 39 25.3975
16 40 -9.8065
16 41 8.59877
16 42 20.1752
16 43 13.6141
16 44 25.2252
16 45 -15.2781
16 46 21.0496
16 47 46.3116
16 48 6.56785
16 49 15.8386
16 50 40.2767
16 51 -0.0587187
16 52 2.42275
16 53 7.89903
16 54 21.7252
16 55 -31.3207
16 56 21.636
16 57 -70.0692
16 58 -7.03146
16 59 -50.2997
16 60 -78.0743
16 61 -18.2615
16 62 -7.43598
16 63 19.7918
16 64 -37.0357
16 65 -37.7854
16 66 -4.77338
16 67 -19.0478
16 68 10.1822
16 69 -13.4804
16 70 20.2765
16 71 -0.961439
17 36 38.8224
17 37 -21.7083
17 38 -16.9859
17 39 -11.3006
17 40 -48.1617
17 41 -16.2013
17 42 2.36021
17 43 -6.89175
17 44 36.3732
17 45 -46.0765
17 46 -13.5741
17 47 -4.28658
17 48 -48.4533
17 49 28.3772
17 50 31.8164
17 51 3.25171
17 52 -14.4576
17 53 -21.5936
17 54 0.780617
17 55 -17.5275
17 56 -26.7476
17 57 -20.8608
17 58 10.4449
17 59 16.0136
17 60 -7.59058
17 61 -14.0263
17 62 -43.6414
17 63 -3.24809
17 64 1.50757
17 65 46.0895
17 66 -19.2663
17 67 -11.0367
17 68 -24.7587
17 69 9.44762
17 70 -58.3177
17 71 -29.6269
18 36 -11.5825
18 37 14.7801
18 38 -5.10282
18 39 13.2529
18 40 -16.5744
18 41 -14.7416
18 42 -14.8602
18 43 36.303
18 44 -52.5829
18 45 -21.9773
18 46 -40.3556
18 47 -22.9268
18 48 -40.9554
18 49 53.2646
18 50 11.8739
18 51 -19.3125
18 52 -4.12443
18 53 -32.709
18 54 -21.5956
18 55 -13.7371
18 56 -0.284706
18 57 -6.47871
18 58 18.655
18 59 27.6749
18 60 13.7167
18 61 44.463
18 62 11.1031
18 63 -22.4899
18 64 -37.711
18 65 -2.80668
18 66 -29.5877
18 67 8.98146
18 68 -24.5034
18 69 -21.2794
18 70 1.69515
18 71 -14.8735
19 36 2.22204
19 37 -11.5888
19 38 31.1446
19 39 -4.45536
19 40 24.5937
19 41 22.1531
19 42 -7.34719
19 43 0.0513717
19 44 1.67535
19 45 10.3118
19 46 52.7685
19 47 -4.06665
19 48 2.2859
19 49 20.0612
19 50 23.7785
19 51 19.7652
19 52 46.4388
19 53 -1.93101
19 54 -72.1509
19 55 -13.0145
19 56 -6.82804
19 57 25.7552
19 58 32.4469
19 59 33.1342
19 60 15.1531
19 61 -3.37001
19 62 22.6498
19 63 -40.382
19 64 14.5914
19 65 1.16285
19 66 -69.4068
19 67 1.71823
19 68 33.3135
19 69 36.6415
19 70 -20.8561
19 71 -16.5012
20 36 25.9872
20 37 11.5907
20 38 -14.6201
20 39 26.7027
20 40 -25.2024
20 41 4.64618
20 42 -24.3794
20 43 -12.0503
20 44 -10.1708
20 45 21.9608
20 46 -14.1146
20 47 14.5396
20 48 -6.9843
20 49 -13.6152
20 50 16.7385
20 51 25.9824
20 52 -28.6968
20 53 23.1419
20 54 3.04966
20 55 36.1395
20 56 32.9834
20 57 -23.1097
20 58 -7.27987
20 59 18.4792
20 60 12.3841
20 61 15.123
20 62 35.7946
20 63 -4.71876
20 64 27.1464
20 65 26.8282
20 66 -29.4705
20 67 -6.5489
20 68 7.14671
20 69 14.9815
20 70 26.3413
20 71 11.3355
21 36 39.0019
21 37 13.2046
21 38 36.8737
21 39 -7.43393
21 40 -12.7244
21 41 -5.84314
21 42 12.7435
21 43 16.4592
21 44 -29.6668
21 45 21.4878
21 46 -6.48812
21 47 36.1396
21 48 15.4816
21 49 5.6772
21 50 31.356
21 51 -2.36911
21 52 -6.89791
21 53 -18.0789
21 54 36.9806
21 55 4.12584
21 56 -8.43889
21 57 -2.79918
21 58 -6.56572
21 59 20.9301
21 60 20.9653
21 61 -10.002
21 62 -31.219
21 63 9.37739
21 64 29.6832
21 65 -24.8003
21 66 43.9409
21 67 10.2454
21 68 -20.6365
21 69 0.801982
21 70 7.20968
21 71 -26.1302
22 36 28.1626
22 37 -18.6062
22 38 29.0953
22 39 5.61811
22 40 -3.34427
22 41 4.27779
22 42 48.2354
22 43 -22.6437
22 44 7.71889
22 45 -41.145
22 46 39.7506
22 47 37.8911
22 48 -19.9072
22 49 -6.37285
22 50 5.05745
22 51 -30.7949
22 52 -4.36447
22 53 -50.2506
22 54 7.19664
22 55 -20.6565
22 56 16.916
22 57 -15.4275
22 58 18.2509
22 59 -38.2819
22 60 -26.3921
22 61 -7.81594
22 62 3.67257
22 63 -15.551
22 64 -5.31392
22 65 29.4125
22 66 15.6118
22 67 -25.2292
22 68 -1.91194
22 69 15.3552
22 70 -12.2489
22 71 30.2289
23 36 24.9614
23 37 -11.2595
23 38 2.51052
23 39 -20.2233
23 40 15.6122
23 41 -12.7161
23 42 -23.1045
23 43 6.29962
23 44 -44.7882
23 45 5.99517
23 46 -8.83214
23 47 4.53297
23 48 27.3861
23 49 5.02924
23 50 -12.3067
23 51 3.41895
23 52 25.9837
23 53 -13.2161
23 54 23.0995
23 55 -2.34073
23 56 -18.4321
23 57 27.1707
23 58 -33.0349
23 59 2.5243
23 60 -44.509
23 61 -2.30213
23 62 4.41327
23 63 6.87736
23 64 19.8438
23 65 -13.4736
23 66 6.55739
23 67 15.7787
23 68 -36.1201
23 69 -25.0845
23 70 5.41239
23 71 32.3362
24 36 23.2591
24 37 -8.1474
24 38 35.7939
24 39 9.0593
24 40 83.9392
24 41 -7.339
24 42 -16.907
24 43 -26.134
24 44 -11.0801
24 45 10.0422
24 46 -19.8678
24 47 -14.9741
24 48 -21.2896
24 49 19.3967
24 50 31.8372
24 51 -6.64929
24 52 -23.7517
24 53 9.69649
24 54 -19.3221
24 55 15.9957
24 56 55.705
24 57 2.7813
24 58 18.435
24 59 -7.09684
24 60 33.7133
24 61 -32.8512
24 62 16.3665
24 63 -0.1574
24 64 -2.29496
24 65 -37.2226
24 66 19.9278
24 67 -5.69282
24 68 23.3579
24 69 -1.26685
24 70 3.94736
24 71 23.8597
25 36 -11.8656
25 37 -42.1098
25 38 -13.5688
25 39 -29.8832
25 40 -9.13762
25 41 23.8859
25 42 -11.8046
25 43 -13.904
25 44 42.7609
25 45 42.5342
25 46 -16.27
25 47 -34.0873
25 48 -17.3295
25 49 -45.1679
25 50 0.364133
25 51 -32.2446
25 52 4.75541
25 53 -22.717
25 54 1.62394
25 55 -51.9584
25 56 -11.7938
25 57 31.2781
25 58 -17.8091
25 59 -44.2847
25 60 13.5911
25 61 41.3644
25 62 12.0878
25 63 44.7687
25 64 -28.054
25 65 -2.37229
25 66 23.8135
25 67 -20.9938
25 68 -11.0198
25 69 63.9103
25 70 -35.5883
25 71 -13.0823
26 36 11.997
26 37 10.5764
26 38 -8.98167
26 39 -24.6646
26 40 -23.1191
26 41 -3.8425
26 42 19.2637
26 43 -25.804
26 44 0.646805
26 45 27.3947
26 46 -13.6872
26 47 23.4572
26 48 21.6613
26 49 -13.6118
26 50 53.9547
26 51 17.9909
26 52 25.7898
26 53 2.19718
26 54 26.336
26 55 -0.393347
26 56 -37.0519
26 57 15.4831
26 58 -61.9595
26 59 -19.3101
26 60 -3.38823
26 61 15.6596
26 62 17.3278
26 63 -0.698019
26 64 -30.4789
26 65 -17.1955
26 66 -36.622
26 67 -9.46898
26 68 6.41605
26 69 -6.66921
26 70 -27.1261
26 71 13.0971
27 36 -29.6726
27 37 3.58307
27 38 -21.4161
27 39 -29.9572
27 40 27.6742
27 41 49.2899
27 42 -13.4618
27 43 7.79241
27 44 38.1253
27 45 52.9561
27 46 -26.7288
27 47 -2.46362
27 48 -32.8162
27 49 -10.0074
27 50 19.4596
27 51 -29.9014
27 52 17.2055
27 53 -18.5064
27 54 4.47189
27 55 45.8991
27 56 2.67387
27 57 1.10403
27 58 46.2957
27 59 7.89411
27 60 12.364
27 61 -19.339
27 62 -20.9924
27 63 -1.68622
27 64 -45.8934
27 65 -42.9078
27 66 15.3975
27 67 -22.032
27 68 17.9976
27 69 -22.3601
27 70 0.532943
27 71 10.1707
28 36 -2.32705
28 37 -13.6893
28 38 -15.9383
28 39 45.8685
28 40 -9.92877
28 41 -34.5704
28 42 13.2481
28 43 8.69539
28 44 28.0566
28 45 -2.09809
28 46 35.6707
28 47 32.0014
28 48 -23.8074
28 49 29.6114
28 50 34.8806
28 51 -46.1295
28 52 -22.0886
28 53 -41.0965
28 54 7.1483
28 55 1.8925
28 56 55.8404
28 57 -27.5239
28 58 -7.86351
28 59 24.1068
28 60 14.439
28 61 21.0948
28 62 13.9837
28 63 -1.64844
28 64 24.4683
28 65 0.0122182
28 66 -31.8987
28 67 46.474
28 68 -17.4477
28 69 11.35
28 70 -42.7739
28 71 -18.289
29 36 2.92521
29 37 6.06355
29 38 -36.0369
29 39 -24.4998
29 40 9.60654
29 41 -6.52635
29 42 14.3793
29 43 -12.6436
29 44 20.7419
29 45 -16.6774
29 46 49.7572
29 47 -6.05778
29 48 -12.5611
29 49 -25.0237
29 50 -4.87887
29 51 47.693
29 52 -0.026854
29 53 1.34442
29 54 5.40535
29 55 26.7598
29 56 -1.01408
29 57 -62.8259
29 58 21.6489
29 59 -20.1346
29 60 15.3118
29 61 13.6522
29 62 74.7199
29 63 -10.5899
29 64 -12.5321
29 65 8.76401
29 66 -12.5738
29 67 18.6485
29 68 -40.581
29 69 50.2534
29 70 3.42263
29 71 -4.55921
30 36 17.5326
30 37 35.4744
30 38 -11.1626
30 39 -6.37698
30 40 50.7213
30 41 -3.74734
30 42 -37.2373
30 43 -1.5712
30 44 23.8924
30 45 37.7507
30 46 -31.1147
30 47 -35.939
30 48 24.679
30 49 -40.7457
30 50 -24.0067
30 51 -7.69886
30 52 -37.9932
30 53 26.9937
30 54 2.27372
30 55 14.5509
30 56 4.54025
30 57 42.3417
30 58 67.1172
30 59 14.3331
30 60 29.2727
30 61 32.2189
30 62 -35.2907
30 63 -12.2106
30 64 5.04507
30 65 7.20221
30 66 36.7642
30 67 -37.4508
30 68 19.2569
30 69 -22.2881
30 70 -51.2523
30 71 18.4605
31 36 6.94242
31 37 8.14056
31 38 -6.54406
31 39 -19.5789
31 40 -28.0843
31 41 -4.80342
31 42 -21.8336
31 43 -36.4583
31 44 16.0442
31 45 0.802621
31 46 -27.9836
31 47 19.6051
31 48 9.0863
31 49 -9.62939
31 50 -24.0491
31 51 -47.5959
31 52 1.45501
31 53 -36.5567
31 54 -13.3026
31 55 4.79929
31 56 17.438
31 57 27.8142
31 58 -5.29518
31 59 -25.963
31 60 -56.0717
31 61 -53.1755
31 62 -23.703
31 63 14.7601
31 64 16.8473
31 65 -9.93777
31 66 15.4879
31 67 26.5464
31 68 31.7982
31 69 23.4365
31 70 -42.4154
31 71 23.0758
32 36 25.5477
32 37 11.1765
32 38 -15.3269
32 39 11.1145
32 40 48.4757
32 41 29.5272
32 42 -25.9509
32 43 -38.8706
32 44 25.7168
32 45 -5.14246
32 46 -26.3142
32 47 -20.1063
32 48 6.10574
32 49 -10.8981
32 50 38.4787
32 51 -6.60957
32 52 -6.57886
32 53 24.5635
32 54 -6.51809
32 55 -2.00713
32 56 -16.7358
32 57 4.05269
32 58 21.1661
32 59 -16.542
32 60 8.42813
32 61 -8.5816
32 62 -19.9292
32 63 -41.952
32 64 32.7805
32 65 -46.3217
32 66 -3.97455
32 67 28.3567
32 68 5.76203
32 69 7.86777
32 70 -20.1279
32 71 -4.40897
33 36 12.2048
33 37 -15.7838
33 38 8.83472
33 39 3.99552
33 40 31.7325
33 41 0.885156
33 42 -12.4165
33 43 49.9937
33 44 -29.4341
33 45 -35.4295
33 46 -19.3938
33 47 46.0313
33 48 -33.393
33 49 -38.1452
33 50 -16.9252
33 51 18.7859
33 52 0.286701
33 53 13.4285
33 54 10.2332
33 55 5.61185
33 56 54.4917
33 57 10.422
33 58 1.17927
33 59 -5.80692
33 60 -17.9242
33 61 8.71232
33 62 -36.909
33 63 3.65646
33 64 -12.1129
33 65 1.41805
33 66 -13.2346
33 67 43.1225
33 68 -17.2167
33 69 1.61119
33 70 -34.103
33 71 -20.9225
34 36 17.7563
34 37 -16.4467
34 38 -0.779912
34 39 -11.0274
34 40 32.4363
34 41 -32.4968
34 42 8.63375
34 43 4.0629
34 44 -29.6306
34 45 23.1988
34 46 -24.1875
34 47 58.3795
34 48 17.3017
34 49 7.30181
34 50 -13.9906
34 51 20.5809
34 52 11.8835
34 53 13.2446
34 54 -17.5653
34 55 62.8987
34 56 -5.46496
34 57 -10.7791
34 58 -41.7616
34 59 29.3146
34 60 -22.16
34 61 -17.5712
34 62 27.6399
34 63 1.01485
34 64 13.5319
34 65 -22.5401
34 66 -78.6829
34 67 -43.8314
34 68 -31.5839
34 69 -12.5338
34 70 58.2868
34 71 17.1588
35 36 -4.24628
35 37 -28.2376
35 38 7.03119
35 39 -34.4458
35 40 -35.1951
35 41 -19.172
35 42 2.45677
35 43 -37.6859
35 44 39.2537
35 45 -8.54942
35 46 20.542
35 47 -52.6317
35 48 -21.7017
35 49 -0.17235
35 50 10.9519
35 51 -42.5648
35 52 30.7646
35 53 -12.8047
35 54 30.8164
35 55 -23.5264
35 56 18.7154
35 57 -8.03938
35 58 30.7307
35 59 -1.18957
35 60 -50.0497
35 61 34.2754
35 62 28.2156
35 63 2.24855
35 64 18.6244
35 65 -7.14074
35 66 -35.8453
35 67 -7.42761
35 68 -45.5597
35 69 -43.3543
35 70 -31.8565
35 71 6.86482
36 72 16.9162
36 73 32.0432
36 74 -60.3937
36 75 11.9606
36 76 -38.5421
36 77 -1.43639
36 78 -23.1755
36 79 -5.52192
36 80 -13.305
36 81 21.2291
36 82 11.8462
36 83 -0.199957
36 84 -37.0526
36 85 19.5876
36 86 -25.62
36 87 22.3353
36 88 11.1642
36 89 -24.5704
36 90 26.255
36 91 -33.1051
36 92 -38.8279
36 93 -4.5057
36 94 42.3859
36 95 -2.01898
36 96 9.32374
36 97 76.3942
36 98 -16.2957
36 99 -25.8229
36 100 -28.5144
36 101 12.3854
36 102 8.08137
36 103 57.9424
36 104 -14.1836
36 105 -16.8722
36 106 1.68338
36 107 8.30317
37 72 -31.787
37 73 -23.9659
37 74 13.2028
37 75 -16.1889
37 76 6.84867
37 77 11.2223
37 78 -25.9975
37 79 34.4932
37 80 30.6213
37 81 0.794734
37 82 -3.12039
37 83 -44.7766
37 84 -30.0218
37 85 -9.35152
37 86 -18.9001
37 87 15.3231
37 88 -9.5329
37 89 -21.9479
37 90 -9.80602
37 91 20.8198
37 92 10.3317
37 93 20.3475
37 94 2.45518
37 95 30.2809
37 96 4.23571
37 97 15.7444
37 98 -2.93486
37 99 2.77761
37 100 -6.54652
37 101 18.6766
37 102 33.6537
37 103 -59.7164
37 104 20.654
37 105 -9.42233
37 106 -20.9304
37 107 26.4864
38 72 40.5416
38 73 20.4816
38 74 24.9317
38 75 12.7824
38 76 -18.9903
38 77 -26.5646
38 78 -36.7237
38 79 21.8039
38 80 22.3637
38 81 -6.91812
38 82 47.3161
38 83 53.9644
38 84 5.91146
38 85 22.1836
38 86 -24.0821
38 87 -33.6764
38 88 -27.9253
38 89 36.0836
38 90 11.9565
38 91 -11.9061
38 92 -2.56053
38 93 0.946245
38 94 21.0044
38 95 -21.3367
38 96 15.2167
38 97 -21.823
38 98 -23.909
38 99 2.31377
38 100 -28.521
38 101 -6.95686
38 102 -21.6212
38 103 11.892
38 104 3.29906
38 105 -46.0554
38 106 18.0025
38 107 39.5323
39 72 -36.4917
39 73 -20.3502
39 74 32.3675
39 75 -26.8858
39 76 2.69392
39 77 -22.0952
39 78 -10.3158
39 79 -9.11814
39 80 30.1149
39 81 27.4979
39 82 -20.6196
39 83 10.5736
39 84 7.32154
39 85 -9.33462
39 86 7.47656
39 87 14.6354
39 88 45.8416
39 89 -3.03395
39 90 6.29889
39 91 -51.0452
39 92 15.8958
39 93 -49.2432
39 94 -30.3893
39 95 19.5792
39 96 3.52692
39 97 -13.7265
39 98 5.81044
39 99 -19.6406
39 100 -6.87586
39 101 -35.123
39 102 20.3779
39 103 -7.22796
39 104 -23.5228
39 105 23.7268
39 106 10.0735
39 107 -6.13973
40 72 -33.8579
40 73 -17.0562
40 74 -46.918
40 75 -27.6243
40 76 -9.74487
40 77 -16.777
40 78 -5.41849
40 79 -40.9777
40 80 -13.3566
40 81 -13.6952
40 82 18.2896
40 83 -30.2121
40 84 2.42128
40 85 -0.746334
40 86 25.937
40 87 5.6727
40 88 -16.3198
40 89 -10.3712
40 90 8.10624
40 91 45.0541
40 92 13.6521
40 93 -48.9626
40 94 18.392
40 95 -12.1685
40 96 -1.08479
40 97 10.4223
40 98 12.8641
40 99 24.8322
40 100 42.3974
40 101 -10.0086
40 102 9.95714
40 103 27.47
40 104 24.1467
40 105 34.8922
40 106 8.14578
40 107 0.513258
41 72 15.2221
41 73 -9.60598
41 74 7.05523
41 75 8.1067
41 76 39.2104
41 77 -19.6162
41 78 -13.6816
41 79 4.74748
41 80 35.2953
41 81 29.8221
41 82 16.8421
41 83 8.54087
41 84 9.14557
41 85 -1.73175
41 86 -17.7734
41 87 -5.73711
41 88 16.7345
41 89 5.32172
41 90 -10.2853
41 91 12.4849
41 92 -11.976
41 93 29.329
41 94 3.51541
41 95 -36.4231
41 96 -7.63627
41 97 19.7287
41 98 -0.141392
41 99 6.5216
41 100 27.6393
41 101 -16.6472
41 102 1.10668
41 103 -10.389
41 104 -3.29567
41 105 11.3086
41 106 38.1414
41 107 -10.2421
42 72 -0.217762
42 73 -25.5831
42 74 8.48748
42 75 -11.2653
42 76 20.8143
42 77 58.7189
42 78 -10.0603
42 79 51.1442
42 80 -33.1023
42 81 -1.03144
42 82 12.2428
42 83 14.6876
42 84 -7.18267
42 85 -23.624
42 86 16.6956
42 87 -9.80515
42 88 -10.5838
42 89 -34.2685
42 90 -37.6552
42 91 56.5148
42 92 -13.7549
42 93 3.37612
42 94 -24.4786
42 95 34.5804
42 96 -35.9603
42 97 -40.713
42 98 -9.66755
42 99 -30.2471
42 100 0.623657
42 101 19.4774
42 102 -27.1791
42 103 39.0773
42 104 50.6439
42 105 -20.6728
42 106 2.16657
42 107 35.2573
43 72 -20.6488
43 73 -50.4462
43 74 22.4913
43 75 8.60763
43 76 56.6185
43 77 28.8341
43 78 -2.25277
43 79 -4.44286
43 80 -4.65758
43 81 -70.612
43 82 -3.0669
43 83 -13.9322
43 84 52.4826
43 85 25.6794
43 86 -14.3272
43 87 43.7241
43 88 -63.5766
43 89 -6.60986
43 90 14.3984
43 91 45.7243
43 92 -52.1307
43 93 12.0361
43 94 -14.6718
43 95 -16.552
43 96 -9.7061
43 97 -47.2558
43 98 -28.0259
43 99 25.3291
43 100 20.606
43 101 -40.3115
43 102 -38.3175
43 103 38.7216
43 104 0.405046
43 105 -41.5378
43 106 -17.2267
43 107 0.592433
44 72 18.8519
44 73 -20.8931
44 74 4.06414
44 75 27.1217
44 76 -32.7288
44 77 21.8789
44 78 3.46805
44 79 29.1212
44 80 45.4962
44 81 4.76491
44 82 24.7329
44 83 15.5521
44 84 17.0188
44 85 -32.2918
44 86 11.9698
44 87 2.57547
44 88 -18.6216
44 89 -2.11078
44 90 -29.9539
44 91 18.3169
44 92 -24.509
44 93 -14.4984
44 94 -29.4049
44 95 3.00065
44 96 38.3663
44 97 -3.18167
44 98 -2.26998
44 99 -25.8673
44 100 0.979992
44 101 43.8567
44 102 -2.04133
44 103 -8.18248
44 104 11.1819
44 105 -22.6571
44 106 7.56774
44 107 10.355
45 72 -35.0491
45 73 18.2112
45 74 49.49
45 75 -4.26324
45 76 -13.5391
45 77 33.4794
45 78 29.8891
45 79 54.9443
45 80 5.5279
45 81 -19.1842
45 82 -4.15751
45 83 44.2711
45 84 -9.20928
45 85 0.571287
45 86 -1.63951
45 87 57.2006
45 88 -13.3244
45 89 -17.6815
45 90 25.9349
45 91 38.0702
45 92 -12.787
45 93 -17.4826
45 94 -17.7016
45 95 38.3552
45 96 14.7656
45 97 -23.7417
45 98 -21.409
45 99 -0.725828
45 100 7.71613
45 101 41.3183
45 102 -2.82232
45 103 -6.72872
45 104 4.88759
45 105 -1.32811
45 106 10.5966
45 107 15.683
46 72 -13.2446
46 73 49.4992
46 74 39.173
46 75 -5.754
46 76 -3.40132
46 77 30.4546
46 78 -8.38089
46 79 4.46168
46 80 18.3042
46 81 49.348
46 82 -59.157
46 83 -1.09872
46 84 -10.5701
46 85 -7.30082
46 86 -7.41386
46 87 -5.21768
46 88 -7.8209
46 89 7.62713
46 90 -17.5768
46 91 -15.2172
46 92 17.869
46 93 55.1328
46 94 12.9824
46 95 35.9687
46 96 16.57
46 97 -14.7647
46 98 -9.01002
46 99 20.9874
46 100 19.7265
46 101 18.4351
46 102 4.68488
46 103 -1.20311
46 104 14.7851
46 105 -4.01085
46 106 -37.8728
46 107 13.6622
47 72 -57.8235
47 73 49.4804
47 74 38.1277
47 75 -29.862
47 76 -17.6655
47 77 -9.70959
47 78 12.9045
47 79 -52.2026
47 80 6.33876
47 81 -27.6463
47 82 -6.16388
47 83 19.2727
47 84 -10.1286
47 85 -21.6498
47 86 35.7606
47 87 8.65651
47 88 -9.89481
47 89 24.148
47 90 32.776
47 91 -7.32348
47 92 4.81825
47 93 -44.5357
47 94 -33.2374
47 95 -34.1657
47 96 -19.088
47 97 -8.96479
47 98 11.6528
47 99 21.1742
47 100 4.5772
47 101 -0.484382
47 102 -51.3867
47 103 8.29021
47 104 4.78877
47 105 -27.4546
47 106 -23.5992
47 107 -2.17234
48 72 2.91809
48 73 -28.0943
48 74 -13.913
48 75 33.8566
48 76 25.3772
48 77 -51.7102
48 78 -3.1612
48 79 13.6628
48 80 26.9317
48 81 23.4739
48 82 20.5383
48 83 1.97162
48 84 -4.13446
48 85 -35.8228
48 86 12.2452
48 87 11.8433
48 88 -66.6005
48 89 17.5062
48 90 -21.4001
48 91 1.82608
48 92 31.0122
48 93 23.5759
48 94 15.3394
48 95 35.262
48 96 -7.36755
48 97 11.5871
48 98 -19.451
48 99 64.5473
48 100 22.5648
48 101 22.2963
48 102 -24.6529
48 103 15.5944
48 104 3.94792
48 105 19.6967
48 106 33.3028
48 107 3.05765
49 72 -21.0843
49 73 -12.0884
49 74 -41.6259
49 75 -22.6647
49 76 17.2053
49 77 14.9351
49 78 10.9707
49 79 18.7769
49 80 19.3756
49 81 -22.7692
49 82 22.3059
49 83 -36.72
49 84 -10.0604
49 85 26.503
49 86 6.11327
49 87 19.479
49 88 -7.29066
49 89 -9.33404
49 90 -6.58547
49 91 -1.17271
49 92 -22.3441
49 93 -6.97612
49 94 -4.95819
49 95 -17.7119
49 96 -43.1189
49 97 17.4504
49 98 11.9843
49 99 14.3479
49 100 2.55688
49 101 25.7206
49 102 -29.3853
49 103 -1.95518
49 104 24.2602
49 105 8.08799
49 106 2.37782
49 107 -10.972
50 72 -10.5386
50 73 5.4438
50 74 -9.57409
50 75 13.0217
50 76 7.80993
50 77 51.8674
50 78 9.11485
50 79 18.2798
50 80 20.2681
50 81 6.11105
50 82 30.5302
50 83 -7.80649
50 84 20.3795
50 85 -12.0735
50 86 -28.3872
50 87 4.12489
50 88 -2.8584
50 89 -7.46696
50 90 -15.2877
50 91 -11.8766
50 92 7.99025
50 93 40.2025
50 94 -7.30756
50 95 62.2997
50 96 15.5539
50 97 -47.072
50 98 4.07426
50 99 -15.8844
50 100 -3.98994
50 101 30.8726
50 102 3.57336
50 103 33.2874
50 104 -32.6427
50 105 0.614351
50 106 -11.2321
50 107 -29.7378
51 72 -13.8154
51 73 27.652
51 74 -1.70451
51 75 -1.90192
51 76 -12.9946
51 77 -3.48871
51 78 -22.4646
51 79 -6.66744
51 80 -7.1246
51 81 5.94674
51 82 9.51273
51 83 37.8064
51 84 -25.8961
51 85 1.37711
51 86 -4.76337
51 87 14.7983
51 88 -7.37425
51 89 -5.73698
51 90 -32.9237
51 91 22.5145
51 92 9.40843
51 93 -8.35216
51 94 -18.1287
51 95 -14.921
51 96 -2.42226
51 97 24.3692
51 98 18.1847
51 99 -60.5364
51 100 -11.4879
51 101 33.4233
51 102 46.4655
51 103 -0.122649
51 104 -8.68794
51 105 7.09924
51 106 -0.0893376
51 107 -17.1165
52 72 49.4666
52 73 18.2858
52 74 18.846
52 75 30.8145
52 76 0.284875
52 77 -23.2212
52 78 -1.15593
52 79 -9.22983
52 80 9.21518
52 81 -22.4148
52 82 49.3515
52 83 15.0125
52 84 18.6615
52 85 23.8952
52 86 6.74715
52 87 -14.7688
52 88 -22.6827
52 89 -50.9991
52 90 44.1667
52 91 -12.6066
52 92 -15.6036
52 93 -21.888
52 94 4.55097
52 95 -25.9284
52 96 19.6371
52 97 6.99917
52 98 16.0326
52 99 -1.38673
52 100 10.2166
52 101 -46.7912
52 102 -35.5764
52 103 11.739
52 104 6.83637
52 105 -10.991
52 106 18.5731
52 107 -29.8323
53 72 -3.18912
53 73 4.66731
53 74 11.5989
53 75 46.0181
53 76 -33.5399
53 77 -47.0126
53 78 -21.4228
53 79 -4.05349
53 80 32.7848
53 81 17.7989
53 82 35.1557
53 83 -1.44967
53 84 35.3064
53 85 9.48096
53 86 6.76863
53 87 11.947
53 88 26.9688
53 89 -6.03065
53 90 26.648
53 91 12.6185
53 92 23.5397
53 93 14.46
53 94 25.8135
53 95 15.8023
53 96 16.2748
53 97 7.77425
53 98 -18.0036
53 99 41.7513
53 100 -31.724
53 101 -1.06042
53 102 53.721
53 103 26.8802
53 104 20.5162
53 105 0.167816
53 106 -15.7557
53 107 70.8699
54 72 -41.8397
54 73 -2.24279
54 74 39.384
54 75 -11.211
54 76 -52.9463
54 77 -17.5134
54 78 15.9487
54 79 -8.77818
54 80 -0.100438
54 81 1.8287
54 82 10.8728
54 83 29.0534
54 84 28.416
54 85 -12.7327
54 86 10.9992
54 87 37.2921
54 88 -45.9321
54 89 -0.146744
54 90 44.1789
54 91 -33.4298
54 92 -7.73299
54 93 -1.75119
54 94 -23.8183
54 95 2.46205
54 96 10.2102
54 97 8.02482
54 98 -14.1247
54 99 36.3282
54 100 24.5721
54 101 -3.7584
54 102 -8.52989
54 103 -10.6727
54 104 2.93271
54 105 -21.7194
54 106 -4.39569
54 107 -5.7969
55 72 49.4306
55 73 -42.3974
55 74 17.7631
55 75 1.84369
55 76 -32.4751
55 77 0.753652
55 78 -15.9697
55 79 27.6489
55 80 -28.3483
55 81 3.53862
55 82 -27.8139
55 83 47.6041
55 84 -18.8875
55 85 38.5575
55 86 -7.13884
55 87 25.9724
55 88 22.3553
55 89 -21.4269
55 90 -11.0356
55 91 7.48365
55 92 -0.947143
55 93 -50.3614
55 94 -5.94717
55 95 18.2613
55 96 52.8362
55 97 -28.1587
55 98 44.6227
55 99 -6.54946
55 100 -7.00285
55 101 -38.5968
55 102 3.57474
55 103 -49.6905
55 104 -7.51956
55 105 -0.172724
55 106 -2.78237
55 107 42.3345
56 72 -33.6263
56 73 28.9664
56 74 -3.75579
56 75 17.454
56 76 0.720879
56 77 -39.7876
56 78 16.7685
56 79 -35.8535
56 80 -23.477
56 81 2.9902
56 82 36.9252
56 83 -0.218447
56 84 4.25585
56 85 -30.9445
56 86 44.8532
56 87 -19.3945
56 88 22.5219
56 89 3.6393
56 90 -75.4027
56 91 -25.633
56 92 -17.9751
56 93 -11.6638
56 94 3.20046
56 95 31.3237
56 96 -4.48117
56 97 4.65375
56 98 31.9502
56 99 -6.83551
56 100 15.9227
56 101 12.4855
56 102 29.0483
56 103 35.4596
56 104 -1.48495
56 105 46.6538
56 106 -27.6884
56 107 18.891
57 72 -28.0231
57 73 -2.78716
57 74 -7.42111
57 75 -15.8617
57 76 -82.1399
57 77 -1.48928
57 78 -42.582
57 79 31.4983
57 80 -39.9907
57 81 -2.99137
57 82 -27.357
57 83 -2.56464
57 84 50.2366
57 85 -36.7506
57 86 -12.1481
57 87 28.2512
57 88 39.9485
57 89 -27.8925
57 90 -1.14614
57 91 13.5377
57 92 -3.87534
57 93 -14.5479
57 94 -48.0768
57 95 1.68908
57 96 26.4004
57 97 -29.3011
57 98 -11.5451
57 99 18.7485
57 100 -28.5889
57 101 -58.3036
57 102 -39.4835
57 103 39.1253
57 104 -25.4415
57 105 16.2306
57 106 29.5025
57 107 -2.17328
58 72 5.34084
58 73 -9.25548
58 74 -47.8464
58 75 0.197582
58 76 3.43272
58 77 -15.4995
58 78 31.3075
58 79 4.56075
58 80 33.2283
58 81 45.4737
58 82 -60.1538
58 83 37.8556
58 84 3.10468
58 85 -2.45606
58 86 -11.0011
58 87 52.5895
58 88 0.780322
58 89 27.4992
58 90 -8.51544
58 91 -11.9095
58 92 13.3049
58 93 -59.987
58 94 -38.3032
58 95 -37.6076
58 96 -25.6608
58 97 27.5222
58 98 40.1542
58 99 -6.2752
58 100 -5.30759
58 101 22.9128
58 102 2.65794
58 103 32.4852
58 104 -13.0542
58 105 14.6747
58 106 -16.1388
58 107 17.1152
59 72 36.6086
59 73 34.1215
59 74 -2.50413
59 75 12.0018
59 76 15.7876
59 77 -8.01691
59 78 -18.552
59 79 60.4664
59 80 -26.7144
59 81 -21.4404
59 82 7.58407
59 83 -12.3626
59 84 0.549022
59 85 -31.1285
59 86 57.214
59 87 -10.2254
59 88 -73.0735
59 89 -15.0681
59 90 52.0526
59 91 1.0936
59 92 18.5233
59 93 -17.9279
59 94 7.10582
59 95 -16.2503
59 96 -26.1108
59 97 -14.6168
59 98 -64.1501
59 99 13.8277
59 100 -25.4685
59 101 -48.9977
59 102 19.1347
59 103 25.1083
59 104 -0.525119
59 105 2.5737
59 106 12.756
59 107 0.667757
60 72 49.2797
60 73 29.0813
60 74 3.5226
60 75 15.5615
60 76 22.5325
60 77 2.00421
60 78 16.6762
60 79 -23.0956
60 80 -7.06183
60 81 -19.0245
60 82 41.6997
60 83 5.16696
60 84 -13.0506
60 85 6.48791
60 86 -4.11304
60 87 -10.0037
60 88 -22.9841
60 89 -48.7822
60 90 -25.6537
60 91 56.4078
60 92 -12.9191
60 93 19.468
60 94 -5.05015
60 95 33.7658
60 96 7.1717
60 97 -36.7702
60 98 9.57504
60 99 -2.43075
60 100 8.7481
60 101 17.5768
60 102 -4.28937
60 103 13.3783
60 104 -31.062
60 105 -3.24125
60 106 -29.4155
60 107 0.315118
61 72 6.17136
61 73 -19.322
61 74 3.84421
61 75 -8.02807
61 76 53.1665
61 77 -26.5575
61 78 -37.9366
61 79 -0.418822
61 80 -20.0986
61 81 24.0597
61 82 10.3223
61 83 26.3085
61 84 15.8325
61 85 -6.21936
61 86 30.3119
61 87 18.5803
61 88 39.7254
61 89 0.573614
61 90 -58.9191
61 91 34.5548
61 92 15.3361
61 93 -50.6128
61 94 -9.90256
61 95 -0.725659
61 96 -15.6341
61 97 -21.1032
61 98 33.0871
61 99 -29.7828
61 100 -40.584
61 101 -10.2942
61 102 -10.852
61 103 -44.8526
61 104 -1.32681
61 105 -31.4831
61 106 -54.6727
61 107 -34.755
62 72 -0.378609
62 73 9.79136
62 74 25.0417
62 75 -1.65992
62 76 -16.9846
62 77 -39.2576
62 78 -10.2884
62 79 -23.0651
62 80 -21.2455
62 81 -9.75167
62 82 -15.9999
62 83 12.7354
62 84 39.4966
62 85 2.52887
62 86 -10.7877
62 87 -35.1015
62 88 46.4938
62 89 -12.5972
62 90 10.893
62 91 -23.7406
62 92 -34.8086
62 93 -13.4349
62 94 2.23046
62 95 -38.8694
62 96 41.6624
62 97 27.5815
62 98 16.7632
62 99 -4.46113
62 100 5.78058
62 101 -11.8269
62 102 -23.9007
62 103 -7.73527
62 104 6.68289
62 105 20.1461
62 106 44.021
62 107 6.89889
63 72 15.291
63 73 10.7962
63 74 43.4421
63 75 16.4652
63 76 -13.8493
63 77 36.4939
63 78 -3.31704
63 79 -49.6955
63 80 38.743
63 81 19.6226
63 82 -24.3501
63 83 -12.3026
63 84 -7.78455
63 85 9.23035
63 86 25.895
63 87 -7.1138
63 88 26.0469
63 89 -37.0259
63 90 0.511758
63 91 1.15243
63 92 6.71652
63 93 -20.837
63 94 -7.14164
63 95 -0.228227
63 96 -5.92093
63 97 -12.2671
63 98 -11.998
63 99 45.791
63 100 -25.1828
63 101 -27.6552
63 102 -6.79318
63 103 -9.08899
63 104 -20.2949
63 105 15.1935
63 106 16.8324
63 107 -3.58714
64 72 -19.22
64 73 14.0395
64 74 -62.882
64 75 42.8599
64 76 -25.9912
64 77 -20.4685
64 78 21.2595
64 79 4.98515
64 80 0.714305
64 81 -24.3725
64 82 -37.8135
64 83 13.7012
64 84 -17.5319
64 85 -2.7915
64 86 -15.8852
64 87 -35.4882
64 88 -30.269
64 89 19.9404
64 90 -49.1798
64 91 -33.3056
64 92 35.1965
64 93 -1.82518
64 94 -52.7202
64 95 -74.0698
64 96 -26.1929
64 97 36.2206
64 98 -28.9188
64 99 2.60247
64 100 -29.3113
64 101 24.5328
64 102 -36.012
64 103 -21.9212
64 104 3.99818
64 105 16.4546
64 106 -9.63245
64 107 -36.476
65 72 15.9902
65 73 -15.8789
65 74 -15.1847
65 75 -19.2089
65 76 -39.5426
65 77 -13.3059
65 78 -43.8181
65 79 9.78735
65 80 63.7501
65 81 -22.662
65 82 -4.98317
65 83 35.6427
65 84 -3.73612
65 85 11.0266
65 86 -17.6477
65 87 -7.16534
65 88 -7.74556
65 89 -25.2933
65 90 -4.11439
65 91 4.85138
65 92 -11.02
65 93 5.51175
65 94 7.84972
65 95 -48.5912
65 96 3.71968
65 97 -19.9712
65 98 9.61028
65 99 -4.15522
65 100 19.842
65 101 -10.8622
65 102 -47.244
65 103 3.03419
65 104 9.50377
65 105 -11.5578
65 106 -30.4803
65 107 28.1268
66 72 14.4164
66 73 -6.53947
66 74 5.73797
66 75 17.1207
66 76 -29.4824
66 77 -8.03315
66 78 -10.3702
66 79 -22.3953
66 80 7.10928
66 81 5.92982
66 82 -27.473
66 83 -1.08621
66 84 -48.1211
66 85 11.7333
66 86 -36.3494
66 87 0.314179
66 88 -18.2604
66 89 -12.4155
66 90 35.6648
66 91 -45.0804
66 92 -1.58996
66 93 -37.8087
66 94 -4.78483
66 95 0.687312
66 96 -30.9551
66 97 -45.6415
66 98 44.9136
66 99 -18.9541
66 100 0.849744
66 101 -42.8608
66 102 40.5466
66 103 34.1772
66 104 11.5883
66 105 -12.7955
66 106 22.4345
66 107 27.5151
67 72 45.657
67 73 19.8125
67 74 -16.9347
67 75 43.7877
67 76 -32.1937
67 77 1.79741
67 78 -27.8152
67 79 9.21901
67 80 -0.392778
67 81 28.7538
67 82 5.2422
67 83 0.858487
67 84 48.5744
67 85 -73.3338
67 86 39.659
67 87 8.35906
67 88 -8.54476
67 89 2.85568
67 90 41.0732
67 91 -8.96557
67 92 12.6653
67 93 25.8939
67 94 -14.419
67 95 12.3216
67 96 -1.05051
67 97 -15.2046
67 98 -38.8593
67 99 13.74
67 100 29.5163
67 101 6.96516
67 102 -2.96641
67 103 -15.218
67 104 -6.03061
67 105 -16.071
67 106 36.2546
67 107 44.453
68 72 -22.2937
68 73 71.1208
68 74 -1.60993
68 75 -26.4142
68 76 -3.05814
68 77 1.85793
68 78 42.8181
68 79 42.673
68 80 -40.5861
68 81 -71.555
68 82 -29.3111
68 83 15.6872
68 84 -37.3181
68 85 -14.9936
68 86 -22.7588
68 87 -14.5442
68 88 -8.98499
68 89 35.2715
68 90 -10.1265
68 91 -11.1119
68 92 22.4249
68 93 27.1975
68 94 -19.8589
68 95 11.6698
68 96 -13.6829
68 97 -9.07908
68 98 -5.7316
68 99 22.2758
68 100 4.26536
68 101 24.6116
68 102 -33.3432
68 103 -34.9731
68 104 -30.6865
68 105 27.6396
68 106 -76.5049
68 107 -7.15127
69 72 1.1127
69 73 -6.77258
69 74 21.9057
69 75 10.0633
69 76 2.45629
69 77 58.3869
69 78 17.7666
69 79 63.5697
69 80 -27.0356
69 81 -16.9879
69 82 -0.25432
69 83 19.8229
69 84 -6.69214
69 85 44.1263
69 86 0.291086
69 87 21.9387
69 88 0.491463
69 89 -12.1251
69 90 13.8582
69 91 18.6389
69 92 30.7629
69 93 -15.6953
69 94 -15.6387
69 95 -5.3116
69 96 -17.2263
69 97 17.0222
69 98 23.8656
69 99 34.5413
69 100 52.2334
69 101 63.2962
69 102 -20.347
69 103 -13.2092
69 104 -9.59749
69 105 -3.73644
69 106 -18.7977
69 107 23.3215
70 72 8.72182
70 73 -10.4991
70 74 0.910917
70 75 6.01693
70 76 23.679
70 77 -11.8362
70 78 -26.8551
70 79 -4.66817
70 80 28.6367
70 81 17.089
70 82 -13.0905
70 83 4.8609
70 84 -29.7308
70 85 -43.5945
70 86 -35.8738
70 87 -1.4629
70 88 61.869
70 89 -6.61424
70 90 -3.7798
70 91 2.20348
70 92 9.00033
70 93 -1.8491
70 94 0.350851
70 95 -7.70161
70 96 -2.98774
70 97 21.3136
70 98 -1.92516
70 99 17.5495
70 100 -0.314007
70 101 -43.3213
70 102 20.3712
70 103 35.1144
70 104 5.39329
70 105 7.97937
70 106 -49.7082
70 107 -26.11
71 72 33.3083
71 73 9.89273
71 74 -0.876975
71 75 -6.86228
71 76 0.331946
71 77 -41.7159
71 78 -16.5889
71 79 -40.8701
71 80 -13.2131
71 81 -11.1702
71 82 3.88469
71 83 -13.8781
71 84 -38.399
71 85 39.628
71 86 23.8696
71 87 -22.0546
71 88 -37.69
71 89 -11.2657
71 90 -6.65658
71 91 25.3276
71 92 -15.9117
71 93 -43.1012
71 94 -11.7042
71 95 16.2452
71 96 -36.251
71 97 -29.1864
71 98 3.54614
71 99 -1.69623
71 100 19.725
71 101 13.2317
71 102 48.2033
71 103 3.64368
71 104 22.0356
71 105 37.3764
71 106 36.1559
71 107 -12.0867
0 0 61.1936
1 0 9.66228
2 0 28.8074
3 0 15.5945
4 0 14.9203
5 0 39.2307
6 0 -18.8344
7 0 10.0557
8 0 -32.0741
9 0 31.8617
10 0 -16.0677
11 0 -0.39936
12 0 23.6669
13 0 63.6197
14 0 23.2465
15 0 -27.4238
16 0 -18.8612
17 0 -23.6861
0 1 -22.9711
1 1 10.311
2 1 7.25893
3 1 -14.5228
4 1 -9.79456
5 1 15.817
6 1 -7.58378
7 1 -17.5446
8 1 -4.9186
9 1 43.3069
10 1 -8.66407
11 1 6.34882
12 1 37.6514
13 1 0.77093
14 1 -12.0512
15 1 -22.7228
16 1 -11.0424
17 1 14.0257
0 2 23.4131
1 2 -16.473
2 2 16.8911
3 2 23.8861
4 2 -9.3558
5 2 35.8355
6 2 0.192759
7 2 26.7507
8 2 -8.32611
9 2 -42.9956
10 2 27.6547
11 2 -18.2349
12 2 -0.817346
13 2 12.284
14 2 -28.1698
15 2 50.9144
16 2 36.2256
17 2 26.0159
0 3 -17.7457
1 3 -0.149082
2 3 -29.6495
3 3 -13.7506
4 3 -25.6078
5 3 -19.4968
6 3 -9.0189
7 3 25.1463
8 3 -2.00198
9 3 -8.0582
10 3 10.4578
11 3 6.32548
12 3 -7.62603
13 3 -23.7292
14 3 -3.10659
15 3 82.7226
16 3 -16.6271
17 3 4.78407
0 4 -3.60896
1 4 9.57979
2 4 9.54664
3 4 -10.642
4 4 19.7725
5 4 -19.1898
6 4 22.4205
7 4 3.62074
8 4 4.76829
9 4 -43.6717
10 4 47.6883
11 4 -4.1469
12 4 -22.5047
13 4 -62.7572
14 4 -18.8094
15 4 -21.9281
16 4 3.04868
17 4 9.22747
0 5 0.457233
1 5 -22.5358
2 5 -58.6653
3 5 20.9704
4 5 -7.13051
5 5 -15.5377
6 5 0.0368607
7 5 -3.78233
8 5 2.92622
9 5 -0.625155
10 5 6.10595
11 5 -4.09863
12 5 -2.55316
13 5 -46.6548
14 5 -2.05918
15 5 -33.9725
16 5 -27.4599
17 5 10.2981
0 6 13.8044
1 6 -57.4658
2 6 30.1546
3 6 -6.28223
4 6 -14.3911
5 6 26.9285
6 6 4.04057
7 6 35.353
8 6 -53.0568
9 6 24.9653
10 6 -25.2759
11 6 -30.1787
12 6 -15.8015
13 6 -6.82276
14 6 -1.60573
15 6 25.4128
16 6 20.4838
17 6 -17.4101
0 7 4.64384
1 7 -12.5155
2 7 15.4876
3 7 -33.5639
4 7 55.2052
5 7 7.14644
6 7 -20.9959
7 7 -24.1419
8 7 44.7193
9 7 -18.3164
10 7 14.6662
11 7 0.677512
12 7 -8.64086
13 7 22.7743
14 7 -5.9319
15 7 10.6421
16 7 6.73612
17 7 16.1312
0 8 -6.78622
1 8 60.7043
2 8 25.9079
3 8 6.17553
4 8 30.0523
5 8 -14.6322
6 8 9.568
7 8 59.5492
8 8 32.6569
9 8 -50.0295
10 8 43.5852
11 8 64.1356
12 8 -35.892
13 8 -55.0498
14 8 -5.65077
15 8 3.56723
16 8 67.4284
17 8 11.4347
0 9 -10.5215
1 9 -12.2259
2 9 43.1551
3 9 -24.0311
4 9 25.7604
5 9 -12.4324
6 9 -39.7636
7 9 -8.66274
8 9 -14.4295
9 9 10.9686
10 9 -20.8806
11 9 29.93
12 9 18.6038
13 9 -11.4944
14 9 -48.1787
15 9 31.8943
16 9 4.63326
17 9 -7.55354
0 10 -24.7619
1 10 -12.463
2 10 -21.4015
3 10 54.1308
4 10 -41.5323
5 10 3.09303
6 10 19.8691
7 10 0.462855
8 10 -40.9076
9 10 9.97517
10 10 21.8413
11 10 -23.9615
12 10 -4.87884
13 10 -17.731
14 10 15.3726
15 10 -15.0455
16 10 8.88799
17 10 49.5967
0 11 -1.66927
1 11 -13.2639
2 11 11.1535
3 11 5.64965
4 11 0.968441
5 11 12.1428
6 11 22.3258
7 11 -14.8982
8 11 60.7578
9 11 50.367
10 11 21.6629
11 11 18.8317
12 11 -7.506
13 11 -4.16535
14 11 41.9581
15 11 11.3148
16 11 2.1122
17 11 2.03947
0 12 -17.5426
1 12 -4.65108
2 12 -21.4865
3 12 -14.0415
4 12 37.0443
5 12 -24.7944
6 12 -30.0346
7 12 -30.0168
8 12 43.7661
9 12 -15.4132
10 12 -0.118993
11 12 -6.43505
12 12 -49.4348
13 12 31.6866
14 12 18.9932
15 12 14.8448
16 12 16.6453
17 12 -7.22052
0 13 25.1486
1 13 -28.3746
2 13 2.56395
3 13 1.86542
4 13 70.5704
5 13 2.38826
6 13 -45.3377
7 13 24.1345
8 13 25.9064
9 13 -42.006
10 13 -44.7712
11 13 9.02959
12 13 -16.2677
13 13 23.4056
14 13 -8.10533
15 13 14.1513
16 13 33.7182
17 13 -23.9074
0 14 -10.293
1 14 44.32
2 14 8.82029
3 14 -24.792
4 14 2.96849
5 14 19.6544
6 14 -13.4806
7 14 30.7649
8 14 20.4773
9 14 5.13197
10 14 1.9959
11 14 -3.63445
12 14 31.559
13 14 -38.2382
14 14 -9.66981
15 14 21.4278
16 14 21.5714
17 14 -8.25305
0 15 -44.9327
1 15 8.00376
2 15 6.78997
3 15 7.02819
4 15 32.2383
5 15 -36.6186
6 15 39.3645
7 15 -1.1484
8 15 23.0505
9 15 -3.38521
10 15 -21.7354
11 15 24.8511
12 15 16.2925
13 15 -18.5509
14 15 -12.232
15 15 6.78967
16 15 32.3544
17 15 -17.9984
0 16 8.15175
1 16 11.6946
2 16 2.32312
3 16 53.4745
4 16 -0.203474
5 16 -95.6546
6 16 -6.80437
7 16 -51.7978
8 16 -35.0619
9 16 29.9456
10 16 15.1787
11 16 2.39595
12 16 6.22807
13 16 2.01835
14 16 7.20526
15 16 -30.4613
16 16 -20.4042
17 16 -38.4312
0 17 17.644
1 17 13.8896
2 17 -27.5548
3 17 31.8937
4 17 11.971
5 17 12.4545
6 17 -27.6141
7 17 6.48574
8 17 -18.4487
9 17 46.8876
10 17 -8.9619
11 17 -37.9876
12 17 15.061
13 17 -0.128803
14 17 12.2665
15 17 -37.7469
16 17 17.1542
17 17 5.89672
0 18 52.1628
1 18 -5.57745
2 18 16.8835
3 18 -1.02675
4 18 -19.5108
5 18 -42.5168
6 18 -32.1741
7 18 -51.7748
8 18 5.04277
9 18 44.9764
10 18 12.102
11 18 9.04421
12 18 51.9512
13 18 40.3265
14 18 6.00307
15 18 5.55676
16 18 37.4204
17 18 38.7954
0 19 -3.12324
1 19 -65.5199
2 19 -18.346
3 19 17.9607
4 19 -16.8731
5 19 -1.04987
6 19 17.7641
7 19 -22.2027
8 19 -6.70954
9 19 -7.55296
10 19 30.8637
11 19 5.59453
12 19 -20.8586
13 19 0.509369
14 19 -4.93425
15 19 -21.6923
16 19 11.2552
17 19 5.71673
0 20 24.9543
1 20 8.43583
2 20 26.4266
3 20 -1.14136
4 20 -3.01226
5 20 17.3679
6 20 -19.6627
7 20 -12.9688
8 20 26.6818
9 20 3.75153
10 20 16.4244
11 20 -14.8022
12 20 -14.4172
13 20 2.3349
14 20 -25.1088
15 20 36.9034
16 20 5.70742
17 20 9.85198
0 21 61.0565
1 21 -0.731733
2 21 -21.4098
3 21 26.5375
4 21 -35.6283
5 21 5.42569
6 21 28.4203
7 21 20.0528
8 21 17.8915
9 21 -14.0439
10 21 -5.36243
11 21 11.8245
12 21 -61.3189
13 21 13.9811
14 21 0.418538
15 21 -9.68322
16 21 9.80566
17 21 -18.1491
0 22 0.628559
1 22 -47.6265
2 22 -55.7529
3 22 42.0589
4 22 40.2246
5 22 -34.6149
6 22 31.2805
7 22 -6.18841
8 22 -13.5566
9 22 5.01921
10 22 35.1512
11 22 66.9408
12 22 -10.6251
13 22 7.66738
14 22 2.86302
15 22 -25.5064
16 22 -20.2808
17 22 20.5333
0 23 19.3712
1 23 -27.3121
2 23 -19.9494
3 23 26.4846
4 23 48.9881
5 23 -4.19095
6 23 10.812
7 23 -35.3575
8 23 38.9688
9 23 4.64383
10 23 -3.78265
11 23 -35.2664
12 23 24.1087
13 23 -7.73664
14 23 8.06115
15 23 -12.7522
16 23 -2.40574
17 23 22.4002
0 24 18.5397
1 24 13.9774
2 24 -7.78404
3 24 22.8853
4 24 1.86951
5 24 27.7182
6 24 10.0107
7 24 18.2918
8 24 15.5025
9 24 31.21
10 24 12.6687
11 24 -11.7335
12 24 -3.28427
13 24 5.1366
14 24 2.96433
15 24 22.6296
16 24 8.58203
17 24 51.5405
0 25 9.07303
1 25 1.1228
2 25 -28.6687
3 25 3.20612
4 25 -3.87895
5 25 -24.2999
6 25 -37.4233
7 25 -8.28474
8 25 22.2238
9 25 -7.02316
10 25 5.80397
11 25 6.44085
12 25 9.52773
13 25 -19.163
14 25 -94.1405
15 25 24.2384
16 25 1.73963
17 25 -41.8083
0 26 -21.2372
1 26 57.199
2 26 30.4118
3 26 -4.95639
4 26 0.0432005
5 26 6.01494
6 26 -16.0839
7 26 11.1048
8 26 -24.5764
9 26 26.9202
10 26 -10.3611
11 26 28.1909
12 26 -19.5026
13 26 21.7162
14 26 -27.9168
15 26 29.1409
16 26 2.2861
17 26 19.8094
0 27 15.0815
1 27 9.60628
2 27 31.6194
3 27 26.1259
4 27 13.7408
5 27 -18.9178
6 27 -3.69694
7 27 -17.558
8 27 17.4562
9 27 -4.93537
10 27 -36.0575
11 27 14.6037
12 27 53.3793
13 27 -15.6854
14 27 37.9913
15 27 -7.49957
16 27 -19.8351
17 27 -17.4916
0 28 10.4145
1 28 -7.34183
2 28 0.863175
3 28 -9.47113
4 28 30.648
5 28 -0.230094
6 28 -6.32154
7 28 -44.117
8 28 24.2345
9 28 4.33824
10 28 -29.3102
11 28 -16.7936
12 28 19.9586
13 28 -4.67378
14 28 6.31717
15 28 27.7424
16 28 28.9133
17 28 41.4593
0 29 5.32496
1 29 4.81307
2 29 -45.2171
3 29 40.3556
4 29 -37.1585
5 29 25.5068
6 29 -3.10076
7 29 51.8694
8 29 6.88237
9 29 28.282
10 29 -19.7598
11 29 -21.0151
12 29 -5.10659
13 29 -49.4815
14 29 32.7212
15 29 24.0826
16 29 -40.3267
17 29 28.9996
0 30 17.088
1 30 -0.509657
2 30 -14.4887
3 30 18.7563
4 30 32.38
5 30 -0.643843
6 30 29.331
7 30 -56.4522
8 30 -21.9661
9 30 28.8015
10 30 -36.1745
11 30 -46.6854
12 30 -33.2567
13 30 -11.4335
14 30 -15.9841
15 30 -28.3533
16 30 -31.8273
17 30 3.76404
0 31 4.36802
1 31 -85.3049
2 31 1.38299
3 31 12.6361
4 31 24.5956
5 31 6.43533
6 31 83.3152
7 31 36.3649
8 31 -42.7571
9 31 6.99164
10 31 -4.70941
11 31 4.40936
12 31 14.7473
13 31 5.93732
14 31 -21.2428
15 31 15.5858
16 31 -7.36349
17 31 -15.1648
0 32 -41.2335
1 32 -13.8747
2 32 -14.1212
3 32 -14.1235
4 32 -7.71496
5 32 -34.9648
6 32 12.7186
7 32 8.38293
8 32 20.0316
9 32 -25.275
10 32 23.383
11 32 25.1467
12 32 44.4866
13 32 -11.2572
14 32 -12.9835
15 32 7.09989
16 32 -35.0033
17 32 18.7751
0 33 -0.861762
1 33 -3.61628
2 33 -32.0397
3 33 -38.0529
4 33 -22.4786
5 33 -6.83635
6 33 31.2577
7 33 -18.7947
8 33 37.0663
9 33 -1.93947
10 33 -19.0544
11 33 4.89436
12 33 -37.0357
13 33 8.81269
14 33 -15.6591
15 33 -3.14794
16 33 30.1369
17 33 0.214085
0 34 -24.8295
1 34 -36.6874
2 34 6.39099
3 34 -2.0369
4 34 -9.95752
5 34 -2.70126
6 34 20.55
7 34 31.8876
8 34 -9.4577
9 34 -14.2283
10 34 -1.6482
11 34 5.44623
12 34 13.9802
13 34 -36.0926
14 34 32.3063
15 34 -38.1365
16 34 -17.0335
17 34 -7.74753
0 35 -34.2337
1 35 12.8553
2 35 -12.6226
3 35 14.8744
4 35 -38.3481
5 35 -16.9121
6 35 -24.1134
7 35 -7.98709
8 35 -10.286
9 35 -16.8824
10 35 29.0823
11 35 2.84046
12 35 -9.28035
13 35 -25.8129
14 35 -34.0087
15 35 6.77144
16 35 14.2831
17 35 -16.1797
108 112 35.5287
108 113 -84.6024
108 114 33.5902
108 115 -0.270635
109 112 -13.9603
109 113 -0.186721
109 114 -3.6491
109 115 -16.0597
110 112 9.1379
110 113 -13.1727
110 114 3.42655
110 115 9.70504
111 112 24.2818
111 113 25.3441
111 114 37.3213
111 115 28.5722
0 108 8.556
1 108 20.7816
2 108 -13.2177
3 108 13.7604
4 108 -0.800835
5 108 -19.4936
6 108 -3.92323
7 108 8.15511
8 108 7.15459
9 108 -6.99258
10 108 25.0746
11 108 -21.5177
12 108 23.3441
13 108 -13.1123
14 108 10.9975
15 108 10.2281
16 108 -31.2779
17 108 -26.7173
0 109 38.1084
1 109 9.73993
2 109 -15.6027
3 109 -34.0406
4 109 -0.410082
5 109 -38.7071
6 109 -13.1525
7 109 -8.42397
8 109 -2.54085
9 109 -3.26061
10 109 20.8416
11 109 -23.3432
12 109 -18.4434
13 109 28.687
14 109 16.4801
15 109 3.24112
16 109 36.0743
17 109 35.3604
0 110 -18.1209
1 110 8.60294
2 110 -2.51713
3 110 21.1307
4 110 -25.4431
5 110 11.8906
6 110 -2.94395
7 110 3.38745
8 110 -32.4156
9 110 22.9097
10 110 -16.5725
11 110 -16.8006
12 110 70.3735
13 110 -7.34238
14 110 -32.7367
15 110 22.5876
16 110 -2.9571
17 110 -0.55896
0 111 53.212
1 111 -29.4844
2 111 20.817
3 111 -31.2608
4 111 20.8042
5 111 23.4725
6 111 -18.6327
7 111 2.10962
8 111 -11.8063
9 111 5.72437
10 111 27.55
11 111 -10.6941
12 111 8.10593
13 111 -59.1431
14 111 13.5747
15 111 1.63483
16 111 0.313937
17 111 -40.2645
