soma 116
SIGMOID
SIGMOID
SIGMOID
SIGMOID
SIGMOID
SIGMOID
SIGMOID
SIGMOID
SIGMOID
SIGMOID
SIGMOID
SIGMOID
SIGMOID
SIGMOID
SIGMOID
SIGMOID
SIGMOID
SIGMOID
SIGMOID
SIGMOID
SIGMOID
SIGMOID
SIGMOID
SIGMOID
SIGMOID
SIGMOID
SIGMOID
SIGMOID
SIGMOID
SIGMOID
SIGMOID
SIGMOID
SIGMOID
SIGMOID
SIGMOID
SIGMOID
SIGMOID
SIGMOID
SIGMOID
SIGMOID
SIGMOID
SIGMOID
SIGMOID
SIGMOID
SIGMOID
SIGMOID
SIGMOID
SIGMOID
SIGMOID
SIGMOID
SIGMOID
SIGMOID
SIGMOID
SIGMOID
SIGMOID
SIGMOID
SIGMOID
SIGMOID
SIGMOID
SIGMOID
SIGMOID
SIGMOID
SIGMOID
SIGMOID
SIGMOID
SIGMOID
SIGMOID
SIGMOID
SIGMOID
SIGMOID
SIGMOID
SIGMOID
SIGMOID
SIGMOID
SIGMOID
SIGMOID
SIGMOID
SIGMOID
SIGMOID
SIGMOID
SIGMOID
SIGMOID
SIGMOID
SIGMOID
SIGMOID
SIGMOID
SIGMOID
SIGMOID
SIGMOID
SIGMOID
SIGMOID
SIGMOID
SIGMOID
SIGMOID
SIGMOID
SIGMOID
SIGMOID
SIGMOID
SIGMOID
SIGMOID
SIGMOID
SIGMOID
SIGMOID
SIGMOID
SIGMOID
SIGMOID
SIGMOID
SIGMOID
SIGMOID
SIGMOID
SIGMOID
SIGMOID
GAUSSIAN
GAUSSIAN
GAUSSIAN
18 0 1 2 3 4 5 6 7 8 9 10 11 12 13 14 15 16 17
# input_soma output_soma weight
synapse 3328
0 36 -101.914
0 37 32.5263
0 38 -20.8435
0 39 98.1639
0 40 -96.4611
0 41 -20.2586
0 42 -34.9724
0 43 36.721
0 44 -64.7751
0 45 -95.9564
0 46 134.337
0 47 -41.8809
0 48 -9.27125
0 49 134.256
0 50 -10.398
0 51 -12.4806
0 52 -170.773
0 53 -22.0851
0 54 -199.054
0 55 -32.1402
0 56 -67.6501
0 57 31.7132
0 58 -35.809
0 59 -64.2755
0 60 12.4403
0 61 80.9831
0 62 40.1104
0 63 -124.417
0 64 -5.36606
0 65 -83.0809
0 66 -10.0962
0 67 45.21
0 68 119.768
0 69 -47.1918
0 70 78.988
0 71 149.619
1 36 22.1998
1 37 -10.1536
1 38 31.6217
1 39 92.4321
1 40 126.878
1 41 -91.7631
1 42 30.9829
1 43 -88.4634
1 44 -131.116
1 45 -86.7373
1 46 15.4259
1 47 68.3736
1 48 26.7322
1 49 -113.924
1 50 -30.5811
1 51 -163.926
1 52 21.9946
1 53 -105.918
1 54 -101.482
1 55 6.81371
1 56 -32.0286
1 57 8.13001
1 58 -8.06974
1 59 -94.3525
1 60 95.1656
1 61 -89.6707
1 62 101.243
1 63 -106.004
1 64 -158.412
1 65 38.9645
1 66 -66.3926
1 67 29.2119
1 68 -100.795
1 69 -16.6838
1 70 -11.6477
1 71 -92.268
2 36 -50.3993
2 37 -135.397
2 38 38.8563
2 39 0.381813
2 40 -116.518
2 41 5.86196
2 42 -63.1708
2 43 -52.2008
2 44 -136.854
2 45 -20.0924
2 46 -29.4666
2 47 58.2114
2 48 -15.0969
2 49 -48.7556
2 50 -13.8682
2 51 174.484
2 52 -76.7458
2 53 -14.7707
2 54 9.49086
2 55 2.98288
2 56 119.702
2 57 -94.2608
2 58 -96.6627
2 59 87.0093
2 60 122.621
2 61 59.3094
2 62 -277.91
2 63 -155.262
2 64 157.275
2 65 -64.7455
2 66 14.8258
2 67 -105.439
2 68 -1.6706
2 69 69.5548
2 70 -75.367
2 71 83.9133
3 36 146.294
3 37 173.283
3 38 72.0391
3 39 -94.5448
3 40 11.4086
3 41 62.2555
3 42 28.2117
3 43 95.2748
3 44 158.727
3 45 102.179
3 46 3.6103
3 47 20.337
3 48 -154.542
3 49 -5.82794
3 50 -91.5744
3 51 0.829691
3 52 10.5114
3 53 -43.1494
3 54 88.2913
3 55 -52.7186
3 56 89.3529
3 57 6.98167
3 58 -59.1915
3 59 83.3464
3 60 58.1855
3 61 17.9929
3 62 -41.0209
3 63 -104.55
3 64 -87.2698
3 65 -28.0445
3 66 4.21137
3 67 -76.2584
3 68 -25.7486
3 69 -98.3297
3 70 25.3705
3 71 98.0073
4 36 -8.02385
4 37 10.5204
4 38 -20.6844
4 39 57.8166
4 40 -73.6097
4 41 -61.5191
4 42 71.8428
4 43 -21.0371
4 44 117.881
4 45 32.7801
4 46 91.2406
4 47 0.925493
4 48 144.374
4 49 -66.6466
4 50 -40.4008
4 51 61.0608
4 52 -159.814
4 53 204.491
4 54 32.3978
4 55 18.9021
4 56 109.614
4 57 -4.73312
4 58 -115.704
4 59 -32.2526
4 60 78.4113
4 61 -143.534
4 62 14.1571
4 63 52.3475
4 64 144.087
4 65 11.047
4 66 96.4273
4 67 34.0065
4 68 -14.9377
4 69 50.1992
4 70 -72.5111
4 71 178.822
5 36 96.7877
5 37 -157.711
5 38 134.275
5 39 63.3116
5 40 50.0813
5 41 42.1059
5 42 -83.4346
5 43 -77.9097
5 44 -44.0466
5 45 122.364
5 46 -85.1292
5 47 -51.3086
5 48 -49.4949
5 49 -19.9957
5 50 62.4549
5 51 -10.843
5 52 -28.5934
5 53 96.0815
5 54 -42.8254
5 55 14.2166
5 56 -169.07
5 57 -40.1068
5 58 52.7927
5 59 -90.7084
5 60 106.669
5 61 34.8676
5 62 4.25634
5 63 -97.6307
5 64 50.8288
5 65 -82.8151
5 66 11.9512
5 67 115.523
5 68 -124.722
5 69 -96.9962
5 70 -85.1521
5 71 -104.79
6 36 -28.8747
6 37 -55.4161
6 38 -84.9838
6 39 40.1307
6 40 -102.793
6 41 -147.655
6 42 115.586
6 43 116.426
6 44 212.102
6 45 181.683
6 46 60.2226
6 47 -54.7911
6 48 63.3171
6 49 48.4828
6 50 70.8155
6 51 5.95836
6 52 9.60536
6 53 34.1516
6 54 138.145
6 55 1.23631
6 56 68.1022
6 57 -17.3944
6 58 -38.8563
6 59 23.1131
6 60 113.299
6 61 -10.4371
6 62 -37.8156
6 63 102.64
6 64 83.8361
6 65 54.6154
6 66 -201.482
6 67 -111.354
6 68 72.5279
6 69 -16.7166
6 70 -201.456
6 71 -150.386
7 36 -29.1678
7 37 213.954
7 38 124.544
7 39 56.7527
7 40 155.949
7 41 8.55525
7 42 -111.782
7 43 -49.4919
7 44 13.1514
7 45 9.35831
7 46 -7.26706
7 47 -15.5117
7 48 -45.5006
7 49 0.771278
7 50 -179.402
7 51 11.8114
7 52 39.5936
7 53 -90.0262
7 54 40.9209
7 55 -69.3368
7 56 105.023
7 57 57.4617
7 58 3.3601
7 59 -82.6533
7 60 -51.1108
7 61 21.626
7 62 -121.537
7 63 137.491
7 64 -62.2961
7 65 102.094
7 66 153.248
7 67 196.643
7 68 -42.0881
7 69 177.377
7 70 -57.7509
7 71 -67.0768
8 36 -63.0842
8 37 219.611
8 38 -22.1796
8 39 -25.5481
8 40 -11.1813
8 41 -47.2032
8 42 3.80939
8 43 52.7676
8 44 12.5247
8 45 -18.6616
8 46 25.733
8 47 -51.8256
8 48 90.4179
8 49 235.604
8 50 -63.7431
8 51 -105.278
8 52 -74.7479
8 53 18.396
8 54 -5.50013
8 55 33.4621
8 56 235.955
8 57 -120.43
8 58 69.2019
8 59 145.59
8 60 -9.22413
8 61 39.8546
8 62 -118.67
8 63 83.3362
8 64 -96.2456
8 65 37.0169
8 66 -21.9382
8 67 151.942
8 68 -150.117
8 69 79.9506
8 70 -109.472
8 71 231.767
9 36 11.6717
9 37 -109.631
9 38 227.113
9 39 7.70722
9 40 -38.1007
9 41 -243.538
9 42 -25.348
9 43 -41.323
9 44 -69.1548
9 45 -9.46936
9 46 37.6095
9 47 -67.3911
9 48 -38.8708
9 49 30.6129
9 50 14.4465
9 51 -111.622
9 52 74.1614
9 53 -33.4255
9 54 -30.6252
9 55 65.0551
9 56 141.829
9 57 -40.8435
9 58 25.2394
9 59 -93.6006
9 60 58.1007
9 61 -70.7952
9 62 61.559
9 63 -31.968
9 64 -110
9 65 110.48
9 66 9.90072
9 67 -26.5819
9 68 66.6623
9 69 8.33164
9 70 -16.8515
9 71 -110.634
10 36 -151.91
10 37 -169.19
10 38 -60.6293
10 39 3.89188
10 40 58.2073
10 41 -142.894
10 42 50.9823
10 43 -141.325
10 44 47.7277
10 45 162.894
10 46 90.2354
10 47 66.3446
10 48 -102.077
10 49 -63.7374
10 50 -11.152
10 51 127.717
10 52 26.0898
10 53 89.2926
10 54 -8.72355
10 55 -46.8471
10 56 -4.63517
10 57 -179.825
10 58 -5.75325
10 59 35.6727
10 60 -59.9534
10 61 16.5746
10 62 2.38243
10 63 -120.791
10 64 -112.609
10 65 110.954
10 66 132.016
10 67 -24.3556
10 68 22.1643
10 69 76.5757
10 70 115.084
10 71 -123.98
11 36 -64.3082
11 37 -65.5313
11 38 -71.844
11 39 -161.965
11 40 45.4572
11 41 150.951
11 42 93.4742
11 43 -133.121
11 44 49.4646
11 45 80.487
11 46 43.007
11 47 87.2534
11 48 112.773
11 49 -82.8713
11 50 -16.3859
11 51 -35.2717
11 52 40.0444
11 53 32.6555
11 54 25.855
11 55 45.9136
11 56 5.61244
11 57 66.7199
11 58 208.312
11 59 -49.2765
11 60 73.2551
11 61 34.3494
11 62 68.6736
11 63 72.7564
11 64 121.434
11 65 -187.654
11 66 -154.876
11 67 45.3466
11 68 240.543
11 69 -256.099
11 70 164.357
11 71 -34.7889
12 36 -120.108
12 37 113.963
12 38 -107.916
12 39 7.16197
12 40 9.85519
12 41 104.025
12 42 16.9768
12 43 -47.162
12 44 120.108
12 45 -109.023
12 46 -18.9458
12 47 61.3229
12 48 -131.244
12 49 2.06401
12 50 42.8275
12 51 51.2753
12 52 141.753
12 53 -18.1929
12 54 20.0846
12 55 -62.1021
12 56 -41.3818
12 57 -17.4716
12 58 25.7199
12 59 13.6819
12 60 93.2299
12 61 -10.7528
12 62 96.9452
12 63 33.2875
12 64 105.11
12 65 -222.832
12 66 -50.596
12 67 30.333
12 68 109.614
12 69 18.9257
12 70 -141.367
12 71 84.7979
13 36 26.546
13 37 -146.503
13 38 112.157
13 39 12.2378
13 40 -61.6
13 41 -67.5745
13 42 161.654
13 43 11.9011
13 44 -5.16587
13 45 55.1104
13 46 12.0627
13 47 118.004
13 48 -100.99
13 49 99.4895
13 50 15.7533
13 51 32.6622
13 52 131.873
13 53 -28.5566
13 54 -71.8346
13 55 -198.517
13 56 122.564
13 57 88.9789
13 58 -3.82663
13 59 76.3898
13 60 204.327
13 61 40.5695
13 62 -229.118
13 63 -24.302
13 64 -55.1857
13 65 -22.1898
13 66 -10.5057
13 67 23.9084
13 68 55.7764
13 69 162.181
13 70 -21.8216
13 71 -25.3624
14 36 25.2703
14 37 -14.3445
14 38 85.8224
14 39 63.9469
14 40 -122.244
14 41 -5.02508
14 42 -75.7563
14 43 -46.8363
14 44 78.1652
14 45 -68.9952
14 46 127.436
14 47 -81.1439
14 48 78.1276
14 49 91.2089
14 50 57.0999
14 51 45.0882
14 52 -65.0979
14 53 -11.1957
14 54 -59.3911
14 55 69.6315
14 56 15.8501
14 57 115.886
14 58 -107.598
14 59 163.948
14 60 -81.6614
14 61 40.6896
14 62 -70.7397
14 63 64.6607
14 64 -19.0537
14 65 79.2878
14 66 56.939
14 67 49.8075
14 68 70.8159
14 69 -79.5964
14 70 -59.2728
14 71 -173.423
15 36 56.9543
15 37 37.3418
15 38 -24.8762
15 39 126.958
15 40 39.6688
15 41 55.8911
15 42 -42.9956
15 43 -72.8504
15 44 -137.717
15 45 0.154249
15 46 -154.326
15 47 -35.8482
15 48 -79.2
15 49 110.403
15 50 -43.4699
15 51 -134.307
15 52 59.2567
15 53 50.4423
15 54 -36.7824
15 55 15.3488
15 56 -36.0662
15 57 103.052
15 58 -16.7603
15 59 -136.268
15 60 -55.3052
15 61 5.93052
15 62 24.5125
15 63 -23.0379
15 64 2.05139
15 65 -21.0965
15 66 38.5554
15 67 67.6153
15 68 199.906
15 69 -270.33
15 70 -68.2964
15 71 30.5573
16 36 -75.2535
16 37 -3.16969
16 38 -138.768
16 39 -93.5599
16 40 41.4556
16 41 -116.728
16 42 -169.87
16 43 121.878
16 44 -99.3976
16 45 30.0161
16 46 62.4431
16 47 55.1414
16 48 73.8212
16 49 64.8276
16 50 89.2432
16 51 -144.973
16 52 15.7618
16 53 -28.3011
16 54 -12.159
16 55 -6.44493
16 56 136.23
16 57 -247.771
16 58 -51.8926
16 59 -104.723
16 60 -75.4665
16 61 54.7651
16 62 -50.129
16 63 -62.5094
16 64 -15.9296
16 65 -134.573
16 66 13.7632
16 67 -33.7589
16 68 32.7345
16 69 41.3263
16 70 -31.7939
16 71 44.4357
17 36 97.0009
17 37 182.952
17 38 -108.877
17 39 -86.5196
17 40 -7.44188
17 41 -109.188
17 42 89.5031
17 43 -21.9006
17 44 -62.771
17 45 65.2451
17 46 -172.472
17 47 -94.467
17 48 -143.394
17 49 -19.479
17 50 -217.641
17 51 -108.916
17 52 33.5718
17 53 46.75
17 54 -54.347
17 55 129.652
17 56 36.0237
17 57 45.7777
17 58 11.387
17 59 80.4992
17 60 -52.2202
17 61 15.5127
17 62 -30.8416
17 63 100.937
17 64 106.393
17 65 130.489
17 66 -93.7632
17 67 23.5362
17 68 30.2783
17 69 -87.9832
17 70 117.079
17 71 161.823
18 36 73.7252
18 37 -247.777
18 38 16.9356
18 39 17.049
18 40 -55.3792
18 41 -65.2121
18 42 38.1614
18 43 -39.3846
18 44 -64.1141
18 45 -18.3022
18 46 41.1782
18 47 66.3897
18 48 -55.4414
18 49 136.714
18 50 -125.4
18 51 -28.0656
18 52 62.0294
18 53 -39.2033
18 54 -107.601
18 55 -193.064
18 56 116.93
18 57 -95.7507
18 58 -47.1133
18 59 60.0958
18 60 125.675
18 61 43.2165
18 62 126.802
18 63 21.9665
18 64 -67.0488
18 65 -43.9829
18 66 16.5602
18 67 30.2266
18 68 -113.822
18 69 -43.976
18 70 -42.6528
18 71 69.0564
19 36 23.3595
19 37 202.818
19 38 -84.9787
19 39 -77.8835
19 40 -32.3007
19 41 104.692
19 42 -143.328
19 43 -96.348
19 44 97.9886
19 45 -47.7925
19 46 -131.393
19 47 -52.6375
19 48 -51.1726
19 49 104.856
19 50 70.939
19 51 -60.1288
19 52 -3.08104
19 53 -85.6788
19 54 -178.843
19 55 38.8462
19 56 251.539
19 57 125.074
19 58 -65.5597
19 59 101.244
19 60 -3.61094
19 61 55.8456
19 62 -125.657
19 63 83.0139
19 64 47.7865
19 65 127.654
19 66 44.0633
19 67 35.3314
19 68 -145.602
19 69 77.8167
19 70 -229.244
19 71 -77.4517
20 36 -133.841
20 37 -47.7962
20 38 -53.5022
20 39 89.1556
20 40 12.1099
20 41 -105.95
20 42 81.8232
20 43 -120.63
20 44 52.5604
20 45 21.5437
20 46 -2.74763
20 47 123.818
20 48 -5.65159
20 49 -125.731
20 50 53.379
20 51 71.1377
20 52 -176.601
20 53 -1.17391
20 54 -56.7391
20 55 110.845
20 56 -144.405
20 57 -5.81692
20 58 35.2524
20 59 13.5468
20 60 23.0073
20 61 -83.2612
20 62 19.386
20 63 -21.9138
20 64 73.6805
20 65 -20.938
20 66 -8.519
20 67 -206.567
20 68 -98.707
20 69 -10.3664
20 70 80.0696
20 71 49.3402
21 36 -20.0087
21 37 -125.764
21 38 102.528
21 39 -68.506
21 40 64.5505
21 41 -55.7004
21 42 95.8948
21 43 -7.51888
21 44 -66.2353
21 45 -61.8489
21 46 100.893
21 47 -136.637
21 48 -174.522
21 49 30.3868
21 50 17.009
21 51 -38.8942
21 52 -35.5366
21 53 -29.1975
21 54 182.781
21 55 -52.1119
21 56 110.958
21 57 77.7497
21 58 35.5527
21 59 35.1523
21 60 145.496
21 61 -104.461
21 62 80.2857
21 63 -86.4377
21 64 141.129
21 65 -2.7062
21 66 1.60935
21 67 -80.0531
21 68 27.1583
21 69 183.219
21 70 -23.6948
21 71 92.0081
22 36 -96.2829
22 37 -114.697
22 38 61.1409
22 39 109.15
22 40 165.735
22 41 -73.1439
22 42 -28.2382
22 43 120.904
22 44 131.487
22 45 -39.5806
22 46 -37.9955
22 47 36.0112
22 48 137.737
22 49 100.787
22 50 77.6193
22 51 70.814
22 52 -4.04167
22 53 -64.9736
22 54 14.202
22 55 24.4311
22 56 8.79427
22 57 61.2734
22 58 -56.0566
22 59 171.739
22 60 -77.7557
22 61 141.091
22 62 44.0915
22 63 -75.3812
22 64 -67.0465
22 65 -101.074
22 66 -62.5745
22 67 -60.5158
22 68 -68.4482
22 69 79.0536
22 70 77.3057
22 71 154.172
23 36 -111.511
23 37 -89.4107
23 38 -9.7425
23 39 -19.5359
23 40 -12.226
23 41 30.5013
23 42 -27.5623
23 43 -130.404
23 44 131.591
23 45 -159.833
23 46 -62.7491
23 47 -94.0696
23 48 30.0989
23 49 140.633
23 50 46.3126
23 51 -88.0721
23 52 -202.501
23 53 107.221
23 54 -25.8607
23 55 123.501
23 56 105.101
23 57 3.76212
23 58 137.398
23 59 -24.1464
23 60 60.7838
23 61 9.15858
23 62 53.1458
23 63 -50.6559
23 64 193.814
23 65 -77.0438
23 66 -28.6142
23 67 0.369779
23 68 -0.386691
23 69 54.9655
23 70 22.9377
23 71 87.3478
24 36 -73.6801
24 37 -27.1635
24 38 27.0729
24 39 -106.374
24 40 -50.8805
24 41 77.6505
24 42 174.044
24 43 -178.077
24 44 8.56839
24 45 134.897
24 46 -110.396
24 47 -43.3725
24 48 -245.774
24 49 -21.0973
24 50 -10.7494
24 51 -31.0866
24 52 -106.174
24 53 123.769
24 54 -251.229
24 55 -26.9773
24 56 -16.1515
24 57 -83.4238
24 58 -16.1916
24 59 -20.3754
24 60 58.5965
24 61 45.608
24 62 131.249
24 63 -27.4189
24 64 84.5185
24 65 92.0256
24 66 -194.012
24 67 93.1562
24 68 -207.291
24 69 125.623
24 70 62.1322
24 71 -131.695
25 36 -106.216
25 37 55.415
25 38 85.7701
25 39 -80.6667
25 40 -85.8091
25 41 131.808
25 42 3.37152
25 43 36.6123
25 44 121.733
25 45 -60.0869
25 46 40.7286
25 47 63.7531
25 48 147.479
25 49 -7.07163
25 50 6.14387
25 51 -28.1574
25 52 23.5859
25 53 -27.3963
25 54 78.7451
25 55 176.794
25 56 -86.3887
25 57 30.0196
25 58 -28.2709
25 59 -120.908
25 60 -46.3175
25 61 -65.6404
25 62 -5.17176
25 63 -150.317
25 64 -90.2238
25 65 249.344
25 66 59.3842
25 67 -214.321
25 68 -63.3626
25 69 -96.476
25 70 59.764
25 71 45.6568
26 36 167.972
26 37 -72.1684
26 38 -86.2906
26 39 -105.605
26 40 -130.296
26 41 122.89
26 42 85.6186
26 43 59.4742
26 44 -0.921361
26 45 -44.3344
26 46 52.742
26 47 78.1445
26 48 -147.474
26 49 100.927
26 50 -47.912
26 51 78.7628
26 52 -45.7738
26 53 45.5806
26 54 -190.831
26 55 73.9682
26 56 24.5881
26 57 94.1892
26 58 -139.175
26 59 30.3337
26 60 119.249
26 61 -73.63
26 62 -39.3863
26 63 -156.639
26 64 -61.9107
26 65 57.9874
26 66 -85.0924
26 67 -26.2396
26 68 -35.4888
26 69 3.34799
26 70 51.4828
26 71 116.572
27 36 -52.0146
27 37 -25.6919
27 38 -30.7121
27 39 75.1514
27 40 -117.203
27 41 -117.59
27 42 -112.466
27 43 -23.627
27 44 -64.8994
27 45 131.244
27 46 -160.757
27 47 -56.3946
27 48 -132.774
27 49 7.09657
27 50 107.966
27 51 -10.9524
27 52 71.7343
27 53 -71.2468
27 54 -63.9791
27 55 58.7869
27 56 39.0047
27 57 27.7557
27 58 3.24868
27 59 76.7828
27 60 189.387
27 61 -131.349
27 62 26.3649
27 63 46.4722
27 64 -37.3972
27 65 -188.698
27 66 -164.67
27 67 100.833
27 68 -12.5437
27 69 15.2206
27 70 -40.1588
27 71 -93.6119
28 36 123.513
28 37 -147.858
28 38 163.597
28 39 116.758
28 40 55.158
28 41 -215.005
28 42 -112.031
28 43 -59.9371
28 44 -28.5691
28 45 -69.4532
28 46 -114.076
28 47 11.2993
28 48 -190.983
28 49 -61.7543
28 50 134.389
28 51 202.311
28 52 -103.348
28 53 78.0146
28 54 85.3087
28 55 41.7964
28 56 -31.0702
28 57 58.119
28 58 61.4767
28 59 -225.657
28 60 -160.86
28 61 -63.2035
28 62 0.9475
28 63 -92.0014
28 64 16.761
28 65 -4.19567
28 66 158.53
28 67 -35.6565
28 68 13.7491
28 69 20.0894
28 70 117.56
28 71 117.121
29 36 153.247
29 37 -129.872
29 38 -66.8823
29 39 -25.5005
29 40 -78.8785
29 41 76.3695
29 42 -115.162
29 43 135.306
29 44 174.203
29 45 -100.599
29 46 -1.01867
29 47 -8.06277
29 48 87.0671
29 49 -66.4274
29 50 -217.362
29 51 191.139
29 52 -65.4915
29 53 105.463
29 54 99.4799
29 55 -22.9042
29 56 29.1532
29 57 103.312
29 58 -176.429
29 59 22.4857
29 60 3.15765
29 61 -179.049
29 62 8.59605
29 63 -72.2554
29 64 -74.399
29 65 -14.4483
29 66 -82.0822
29 67 141.524
29 68 44.5335
29 69 -46.89
29 70 191.001
29 71 104.991
30 36 29.2389
30 37 -92.1944
30 38 35.3551
30 39 -30.6419
30 40 -90.9148
30 41 10.2343
30 42 -127.089
30 43 -46.8646
30 44 -88.4131
30 45 89.8431
30 46 -187.156
30 47 -50.8666
30 48 -157.715
30 49 133.175
30 50 209.188
30 51 17.0807
30 52 -115.668
30 53 109.573
30 54 -11.8092
30 55 -149.346
30 56 40.6185
30 57 12.5574
30 58 65.3619
30 59 69.1255
30 60 123.889
30 61 -104.716
30 62 20.7136
30 63 -29.53
30 64 142.921
30 65 -23.5272
30 66 44.1215
30 67 -23.867
30 68 -70.7509
30 69 65.778
30 70 -209.754
30 71 -61.4631
31 36 -93.7881
31 37 -55.7149
31 38 228.794
31 39 10.5871
31 40 -74.9144
31 41 -13.2546
31 42 122.559
31 43 74.8703
31 44 -22.419
31 45 26.763
31 46 0.815886
31 47 -95.2919
31 48 0.163892
31 49 -16.833
31 50 -60.5216
31 51 -60.1066
31 52 18.5086
31 53 -0.745649
31 54 -4.08603
31 55 1.82415
31 56 -128.377
31 57 127.87
31 58 -128.658
31 59 -2.26965
31 60 -58.236
31 61 46.1245
31 62 38.0543
31 63 -62.3026
31 64 -91.3823
31 65 62.0284
31 66 53.54
31 67 -79.2319
31 68 82.5907
31 69 9.7053
31 70 -80.357
31 71 -65.0267
32 36 68.8001
32 37 -70.9269
32 38 125.074
32 39 19.0971
32 40 104.461
32 41 115.867
32 42 88.3123
32 43 128.393
32 44 -106.791
32 45 41.3718
32 46 89.2722
32 47 -52.6907
32 48 9.48111
32 49 -11.1793
32 50 -69.7635
32 51 -33.7174
32 52 -43.0832
32 53 -71.1003
32 54 -90.1803
32 55 53.1774
32 56 26.1761
32 57 -63.5685
32 58 -18.5428
32 59 80.7214
32 60 36.9549
32 61 146.939
32 62 58.9312
32 63 -98.7847
32 64 -27.1929
32 65 -89.9411
32 66 14.8551
32 67 119.974
32 68 18.9009
32 69 177.991
32 70 2.93205
32 71 -18.732
33 36 -95.9208
33 37 -50.4227
33 38 45.4691
33 39 -38.6867
33 40 -22.2368
33 41 -19.0311
33 42 87.1678
33 43 -18.8324
33 44 -101.322
33 45 83.5694
33 46 183.578
33 47 25.9821
33 48 35.5354
33 49 80.859
33 50 -155.662
33 51 -32.5946
33 52 -67.5718
33 53 -81.5599
33 54 56.0005
33 55 -145.014
33 56 82.6787
33 57 5.50998
33 58 -29.4251
33 59 -50.1496
33 60 91.1098
33 61 121.83
33 62 -23.1522
33 63 81.1412
33 64 198.536
33 65 52.3977
33 66 -49.4825
33 67 53.3957
33 68 75.1931
33 69 23.9009
33 70 -83.4159
33 71 34.5718
34 36 98.5686
34 37 24.8072
34 38 39.5562
34 39 -113.792
34 40 59.6968
34 41 -82.8185
34 42 -143.16
34 43 77.3644
34 44 96.8433
34 45 -61.6239
34 46 -28.1546
34 47 17.1405
34 48 57.6873
34 49 -26.758
34 50 -12.9365
34 51 -103.915
34 52 47.6199
34 53 114.517
34 54 70.6201
34 55 -39.8279
34 56 -47.2966
34 57 -170.735
34 58 -93.8773
34 59 104.068
34 60 -53.9842
34 61 -97.5618
34 62 -147.838
34 63 -77.4545
34 64 87.2231
34 65 92.2543
34 66 223.046
34 67 -30.9801
34 68 9.47966
34 69 -116.594
34 70 2.82619
34 71 -15.3849
35 36 -87.0841
35 37 39.8115
35 38 24.2417
35 39 58.3457
35 40 256.981
35 41 182.073
35 42 -64.5306
35 43 80.1263
35 44 -4.13177
35 45 -57.9803
35 46 -70.5501
35 47 92.7174
35 48 94.067
35 49 -74.2063
35 50 -46.855
35 51 -117.814
35 52 -4.08627
35 53 -40.39
35 54 56.4641
35 55 -22.5671
35 56 110.413
35 57 32.9123
35 58 -0.274959
35 59 -62.043
35 60 41.6012
35 61 -48.4209
35 62 -18.8302
35 63 58.4839
35 64 -117.699
35 65 18.3084
35 66 6.49048
35 67 24.7621
35 68 89.3963
35 69 -34.2279
35 70 67.0528
35 71 72.8512
36 72 80.5278
36 73 -10.5319
36 74 34.8184
36 75 -76.2184
36 76 -16.305
36 77 -12.1259
36 78 99.7041
36 79 -109.421
36 80 -94.1163
36 81 -63.6394
36 82 -24.3386
36 83 106.821
36 84 -34.2471
36 85 -58.7572
36 86 -0.250358
36 87 92.751
36 88 13.3664
36 89 27.824
36 90 -154.486
36 91 -91.6969
36 92 -67.4421
36 93 -79.1449
36 94 116.57
36 95 -124.683
36 96 23.2114
36 97 -164.978
36 98 -33.5106
36 99 75.0273
36 100 4.37954
36 101 -99.9599
36 102 139.761
36 103 -30.0205
36 104 30.7201
36 105 -6.34403
36 106 -67.5695
36 107 277.165
37 72 11.3591
37 73 56.25
37 74 100.97
37 75 -20.9266
37 76 101.714
37 77 -98.0327
37 78 72.2489
37 79 113.381
37 80 -51.0853
37 81 -88.6111
37 82 126.391
37 83 -76.9731
37 84 15.937
37 85 -148.408
37 86 75.6925
37 87 -53.4286
37 88 42.0542
37 89 135.077
37 90 176.546
37 91 39.8188
37 92 213.967
37 93 -116.685
37 94 155.26
37 95 -121.485
37 96 -23.1299
37 97 64.9764
37 98 -56.2687
37 99 18.2473
37 100 60.7785
37 101 -107.688
37 102 92.3618
37 103 112.119
37 104 96.6094
37 105 -128.304
37 106 40.3827
37 107 20.0894
38 72 85.1321
38 73 97.187
38 74 3.30522
38 75 -48.662
38 76 -73.6717
38 77 68.7742
38 78 13.951
38 79 -0.807762
38 80 -108.188
38 81 87.0404
38 82 93.1895
38 83 17.4348
38 84 -34.1948
38 85 -51.1997
38 86 52.2018
38 87 184.825
38 88 60.2115
38 89 -101.256
38 90 -104.782
38 91 -176.614
38 92 203.475
38 93 5.28893
38 94 -99.8862
38 95 69.4084
38 96 -107.184
38 97 -60.4084
38 98 -65.5486
38 99 -152.18
38 100 106.045
38 101 82.2449
38 102 23.8557
38 103 51.092
38 104 65.7174
38 105 -96.5364
38 106 125.297
38 107 31.4724
39 72 -133.48
39 73 115.571
39 74 -35.5979
39 75 73.9339
39 76 76.5556
39 77 73.8893
39 78 68.6621
39 79 -79.5152
39 80 -23.3274
39 81 72.2308
39 82 -29.8255
39 83 -77.3548
39 84 74.841
39 85 -94.4937
39 86 -1.10615
39 87 -32.5493
39 88 -30.2625
39 89 -2.22275
39 90 -22.0922
39 91 -189.287
39 92 -90.4394
39 93 97.2398
39 94 108.915
39 95 17.3581
39 96 -12.0305
39 97 -89.134
39 98 135.468
39 99 17.3914
39 100 -62.8105
39 101 -19.9661
39 102 40.179
39 103 -124.496
39 104 74.1604
39 105 99.5618
39 106 -23.6773
39 107 113.992
40 72 33.0262
40 73 13.8219
40 74 2.18876
40 75 42.8116
40 76 -118.513
40 77 40.878
40 78 96.816
40 79 -6.61961
40 80 143.752
40 81 268.08
40 82 -10.1606
40 83 55.8222
40 84 -82.3607
40 85 206.542
40 86 33.3413
40 87 -56.8772
40 88 -28.9402
40 89 -184.673
40 90 -181.2
40 91 114.567
40 92 3.87613
40 93 -4.86097
40 94 29.8876
40 95 -87.1616
40 96 -113.778
40 97 -123.897
40 98 111.083
40 99 -106.291
40 100 -92.2354
40 101 48.3392
40 102 -283.11
40 103 133.585
40 104 -143.475
40 105 54.7135
40 106 -14.4054
40 107 71.3159
41 72 28.8937
41 73 -81.5379
41 74 39.2265
41 75 -28.7208
41 76 -36.9842
41 77 -67.7361
41 78 -25.4368
41 79 15.3262
41 80 -135.745
41 81 29.9321
41 82 14.55
41 83 91.8722
41 84 -58.3024
41 85 -109.045
41 86 57.4378
41 87 74.896
41 88 66.4954
41 89 -34.906
41 90 119.56
41 91 180.874
41 92 135.071
41 93 30.7871
41 94 156.291
41 95 18.34
41 96 -45.501
41 97 -158.667
41 98 -186.571
41 99 22.7161
41 100 -48.7886
41 101 -64.48
41 102 111.646
41 103 161.719
41 104 -25.9548
41 105 14.19
41 106 -81.6762
41 107 -33.706
42 72 -95.4058
42 73 -97.3408
42 74 62.6567
42 75 101.007
42 76 155.672
42 77 -74.8421
42 78 -7.66417
42 79 -77.5092
42 80 20.3688
42 81 55.0922
42 82 -34.5683
42 83 11.5896
42 84 -95.4489
42 85 -95.3155
42 86 108.835
42 87 -58.2047
42 88 -47.4178
42 89 146.775
42 90 42.0931
42 91 -6.84144
42 92 -93.7238
42 93 -77.3096
42 94 -117.161
42 95 -53.9484
42 96 -77.9853
42 97 186.936
42 98 -9.16285
42 99 38.3575
42 100 -116.611
42 101 -132.247
42 102 27.2408
42 103 -124.203
42 104 -15.2716
42 105 -126.765
42 106 -132.17
42 107 -116.959
43 72 125.134
43 73 110.316
43 74 0.62281
43 75 -167.323
43 76 45.7333
43 77 -26.2948
43 78 26.2007
43 79 143.877
43 80 101.117
43 81 -48.9744
43 82 -45.1403
43 83 -6.41029
43 84 3.6624
43 85 39.0331
43 86 -109.015
43 87 -19.3474
43 88 193.421
43 89 -190.274
43 90 16.4533
43 91 96.1406
43 92 -32.4085
43 93 -135.079
43 94 90.636
43 95 39.8344
43 96 -9.38916
43 97 16.2117
43 98 148.297
43 99 -4.23635
43 100 60.3526
43 101 -50.9715
43 102 6.23301
43 103 -51.6697
43 104 129.281
43 105 89.8576
43 106 136.528
43 107 -99.4045
44 72 90.403
44 73 25.0109
44 74 -9.41503
44 75 -77.7752
44 76 -82.9844
44 77 16.8574
44 78 -87.8779
44 79 217.07
44 80 -90.2177
44 81 -90.9266
44 82 34.8169
44 83 22.3509
44 84 -54.5071
44 85 14.6569
44 86 -99.4259
44 87 -61.6401
44 88 157.523
44 89 -29.6412
44 90 63.6266
44 91 -37.2942
44 92 12.344
44 93 -95.287
44 94 -6.30651
44 95 -45.7918
44 96 -107.213
44 97 -131.007
44 98 -19.4121
44 99 -19.0758
44 100 39.8794
44 101 -116.609
44 102 8.61771
44 103 -41.315
44 104 32.744
44 105 42.5086
44 106 -84.2273
44 107 -83.7169
45 72 72.2479
45 73 104.038
45 74 -12.0612
45 75 -155.062
45 76 116.831
45 77 38.5952
45 78 64.4414
45 79 -23.9524
45 80 -8.30063
45 81 109.944
45 82 -30.6536
45 83 -22.2028
45 84 142.358
45 85 75.0109
45 86 -26.3954
45 87 -12.8064
45 88 73.8528
45 89 -6.87116
45 90 -10.6586
45 91 48.6475
45 92 94.5244
45 93 12.24
45 94 78.5241
45 95 -56.0785
45 96 65.7767
45 97 -75.6292
45 98 14.9358
45 99 23.4537
45 100 -28.3514
45 101 30.2742
45 102 -90.982
45 103 115.505
45 104 -5.28979
45 105 25.1955
45 106 60.59
45 107 -12.2838
46 72 49.2498
46 73 -19.9458
46 74 -117.429
46 75 -6.02074
46 76 -148.014
46 77 94.2135
46 78 164.147
46 79 57.9627
46 80 66.2872
46 81 38.5614
46 82 -61.6972
46 83 33.6379
46 84 -17.1961
46 85 -110.259
46 86 -19.4331
46 87 -32.8545
46 88 -24.6693
46 89 -56.8867
46 90 32.1059
46 91 -81.8912
46 92 -186.934
46 93 -35.983
46 94 74.0644
46 95 138.303
46 96 119.486
46 97 36.1587
46 98 -28.564
46 99 22.6438
46 100 -113.293
46 101 -134.766
46 102 -106.979
46 103 64.3317
46 104 -4.54879
46 105 10.2623
46 106 -58.0628
46 107 95.7276
47 72 -35.2991
47 73 109.756
47 74 -14.3244
47 75 -15.9654
47 76 47.1487
47 77 186.417
47 78 186.769
47 79 37.7072
47 80 -81.6595
47 81 -92.0363
47 82 8.24738
47 83 -138.639
47 84 -74.0886
47 85 -153.407
47 86 23.1815
47 87 19.3352
47 88 213.269
47 89 -32.2553
47 90 112.684
47 91 -39.6455
47 92 -66.157
47 93 92.9185
47 94 -33.6474
47 95 -15.6439
47 96 106.796
47 97 57.0753
47 98 43.5415
47 99 64.419
47 100 -37.6446
47 101 -93.17
47 102 77.2087
47 103 111.645
47 104 21.4881
47 105 45.8624
47 106 -16.0631
47 107 105.171
48 72 15.6457
48 73 -0.0358921
48 74 -9.77953
48 75 -66.222
48 76 -20.1231
48 77 -36.7634
48 78 108.571
48 79 -6.25018
48 80 13.8544
48 81 46.9122
48 82 -58.2778
48 83 32.1645
48 84 -58.5792
48 85 -114.388
48 86 -138.501
48 87 89.0352
48 88 32.418
48 89 -18.3053
48 90 112.608
48 91 -41.8043
48 92 139.882
48 93 -105.205
48 94 -18.5254
48 95 118.52
48 96 6.16045
48 97 104.078
48 98 103.11
48 99 166.037
48 100 75.4111
48 101 -151.673
48 102 124.287
48 103 87.335
48 104 51.2124
48 105 153.837
48 106 -157.673
48 107 9.10119
49 72 18.8135
49 73 -144.79
49 74 139.717
49 75 -147.521
49 76 -12.9504
49 77 -36.0593
49 78 -51.4522
49 79 41.1383
49 80 -29.8863
49 81 -48.2376
49 82 -67.0514
49 83 -90.8906
49 84 12.5079
49 85 -47.0643
49 86 -26.6359
49 87 -120.484
49 88 -120.159
49 89 90.4621
49 90 53.0218
49 91 91.7363
49 92 -2.63309
49 93 -119.358
49 94 36.0265
49 95 -91.6206
49 96 -22.0517
49 97 44.7061
49 98 100.827
49 99 -144.041
49 100 -6.80726
49 101 63.3071
49 102 78.0668
49 103 -33.0728
49 104 -79.6088
49 105 -43.2789
49 106 68.7034
49 107 104.143
50 72 -2.36308
50 73 29.1251
50 74 -186.691
50 75 86.114
50 76 21.8802
50 77 -112.48
50 78 -65.2116
50 79 -84.4473
50 80 -50.7383
50 81 -67.679
50 82 -48.2462
50 83 -148.545
50 84 40.3495
50 85 -61.6186
50 86 -140.887
50 87 86.3893
50 88 -199.474
50 89 -51.1754
50 90 -67.9189
50 91 -17.3397
50 92 -21.8902
50 93 34.9699
50 94 -9.76939
50 95 -106.531
50 96 23.9031
50 97 -49.753
50 98 -152.057
50 99 -84.7965
50 100 -21.6467
50 101 95.8291
50 102 70.6149
50 103 33.1089
50 104 -48.516
50 105 -45.8813
50 106 -111.799
50 107 -59.4652
51 72 46.7471
51 73 -117.788
51 74 -168.439
51 75 145.36
51 76 45.3542
51 77 88.2941
51 78 115.011
51 79 37.8219
51 80 38.2506
51 81 -168.053
51 82 33.3692
51 83 -88.7786
51 84 4.70879
51 85 -151.154
51 86 92.5592
51 87 -31.2475
51 88 22.7329
51 89 -14.787
51 90 35.0286
51 91 108.087
51 92 -35.3634
51 93 -82.6721
51 94 54.9393
51 95 -136.657
51 96 39.7166
51 97 -131.396
51 98 14.0572
51 99 -79.8422
51 100 -73.7946
51 101 -61.5137
51 102 89.1933
51 103 -25.4082
51 104 90.9726
51 105 68.7143
51 106 34.472
51 107 48.9872
52 72 20.0536
52 73 -93.8802
52 74 19.0269
52 75 -55.9786
52 76 18.0213
52 77 194.014
52 78 -28.2957
52 79 -7.00946
52 80 29.4625
52 81 -57.7766
52 82 79.8408
52 83 -112.331
52 84 26.5954
52 85 3.00421
52 86 2.13399
52 87 -28.3489
52 88 -12.204
52 89 -130.235
52 90 0.592537
52 91 -175.268
52 92 63.4233
52 93 33.6035
52 94 -113.811
52 95 65.8019
52 96 38.3658
52 97 21.0754
52 98 -53.96
52 99 51.8751
52 100 36.5944
52 101 -11.7772
52 102 -30.7062
52 103 4.82042
52 104 -93.2215
52 105 33.5656
52 106 150.701
52 107 49.5283
53 72 38.7193
53 73 -21.7947
53 74 143.237
53 75 -3.78007
53 76 -4.45875
53 77 73.541
53 78 -62.6991
53 79 68.3886
53 80 38.0918
53 81 6.45023
53 82 91.4434
53 83 -46.1384
53 84 92.2693
53 85 148.88
53 86 -31.6936
53 87 -10.6313
53 88 -75.5602
53 89 -5.45982
53 90 -81.0082
53 91 1.73504
53 92 -16.6173
53 93 -54.0945
53 94 -29.831
53 95 -1.90038
53 96 148.606
53 97 135.862
53 98 -20.5659
53 99 55.0545
53 100 231.049
53 101 12.9207
53 102 -75.1215
53 103 124.682
53 104 113.478
53 105 18.8133
53 106 143.096
53 107 3.69272
54 72 -43.5432
54 73 45.2936
54 74 19.4636
54 75 -112.718
54 76 -221.235
54 77 84.2041
54 78 -104.076
54 79 7.26132
54 80 -75.7717
54 81 -180.857
54 82 -86.6281
54 83 140.84
54 84 -90.0481
54 85 -66.0224
54 86 52.674
54 87 22.023
54 88 43.8529
54 89 -95.4626
54 90 4.70121
54 91 15.4755
54 92 -4.71519
54 93 48.473
54 94 -101.64
54 95 -68.2586
54 96 -13.5548
54 97 -2.61058
54 98 10.9367
54 99 61.0734
54 100 54.8744
54 101 -52.4656
54 102 0.805968
54 103 3.99515
54 104 126.102
54 105 -46.1885
54 106 27.0959
54 107 32.7101
55 72 -161.974
55 73 21.9839
55 74 -16.6478
55 75 105.323
55 76 120.959
55 77 -165.222
55 78 1.73368
55 79 35.7472
55 80 -0.00505719
55 81 -176.782
55 82 78.8588
55 83 -156.276
55 84 98.0696
55 85 -32.8284
55 86 -53.5774
55 87 66.3113
55 88 -145.338
55 89 -25.7108
55 90 -149.364
55 91 90.9522
55 92 13.7797
55 93 46.2679
55 94 28.4944
55 95 -59.7784
55 96 14.9314
55 97 33.6775
55 98 -60.3959
55 99 -15.8758
55 100 -108.027
55 101 21.8963
55 102 17.4742
55 103 -51.1928
55 104 15.4759
55 105 -15.8691
55 106 9.23091
55 107 -64.9167
56 72 46.1306
56 73 44.4852
56 74 -40.5899
56 75 4.73639
56 76 140.677
56 77 66.7302
56 78 55.2374
56 79 -7.45788
56 80 -0.400609
56 81 144.719
56 82 127.586
56 83 -3.6097
56 84 -212.678
56 85 -44.6649
56 86 -48.5773
56 87 9.36161
56 88 89.8773
56 89 58.504
56 90 104.394
56 91 33.6064
56 92 60.8472
56 93 3.12852
56 94 63.5175
56 95 -25.0088
56 96 -62.015
56 97 102.275
56 98 210.203
56 99 -67.2292
56 100 -80.5395
56 101 65.4217
56 102 91.3621
56 103 -32.1013
56 104 -103.972
56 105 6.18031
56 106 57.5627
56 107 86.6567
57 72 -22.8673
57 73 -55.9872
57 74 -104.434
57 75 -34.7927
57 76 -37.519
57 77 112.117
57 78 -27.4557
57 79 -133.766
57 80 241.914
57 81 75.0938
57 82 -170.02
57 83 -32.6176
57 84 -73.0619
57 85 -79.2997
57 86 44.5612
57 87 -121.775
57 88 -197.716
57 89 -137.296
57 90 -144.737
57 91 30.6458
57 92 50.2924
57 93 130.247
57 94 -25.9981
57 95 -160.257
57 96 -89.4098
57 97 27.6232
57 98 9.21369
57 99 76.0081
57 100 -8.66975
57 101 -48.2763
57 102 -73.7562
57 103 79.32
57 104 194.798
57 105 214.619
57 106 15.9597
57 107 -40.4327
58 72 0.527409
58 73 -41.9975
58 74 -81.8848
58 75 -114.114
58 76 45.6933
58 77 -60.4238
58 78 27.5264
58 79 -126.256
58 80 8.97398
58 81 64.3051
58 82 -234.437
58 83 5.96963
58 84 -9.127
58 85 52.0688
58 86 -60.2312
58 87 10.7722
58 88 -138.74
58 89 69.6893
58 90 -106.374
58 91 49.9686
58 92 17.6945
58 93 39.2644
58 94 68.4573
58 95 -5.22843
58 96 -287.119
58 97 123.124
58 98 -72.5354
58 99 -13.1382
58 100 48.5623
58 101 27.8707
58 102 21.997
58 103 36.5103
58 104 97.0531
58 105 42.9824
58 106 33.6644
58 107 -56.6535
59 72 -59.9145
59 73 -26.4412
59 74 -18.207
59 75 158.722
59 76 -37.2996
59 77 13.1351
59 78 -46.1754
59 79 -133.787
59 80 173.827
59 81 -220.595
59 82 119.201
59 83 -0.906016
59 84 -73.6184
59 85 -79.2471
59 86 -106.041
59 87 71.3756
59 88 14.1274
59 89 22.0288
59 90 -20.2032
59 91 1.01366
59 92 0.871171
59 93 25.418
59 94 -118.274
59 95 17.711
59 96 19.2729
59 97 20.1034
59 98 102.805
59 99 100.571
59 100 -59.06
59 101 -103.654
59 102 -22.7422
59 103 111.341
59 104 -114.306
59 105 -13.0511
59 106 -55.4296
59 107 2.77592
60 72 -45.4269
60 73 -33.2398
60 74 -88.0422
60 75 -28.9213
60 76 140.316
60 77 137.02
60 78 57.0125
60 79 34.5133
60 80 -92.2783
60 81 -86.9165
60 82 203.817
60 83 80.0277
60 84 7.49903
60 85 46.6617
60 86 41.9306
60 87 39.9267
60 88 -128.4
60 89 -256.967
60 90 -26.2102
60 91 109.433
60 92 52.2924
60 93 -168.035
60 94 -112.112
60 95 63.4412
60 96 -33.612
60 97 35.0161
60 98 -86.001
60 99 -9.6601
60 100 -18.1267
60 101 13.8028
60 102 2.55411
60 103 -20.4202
60 104 -37.9749
60 105 -0.129947
60 106 54.0225
60 107 -3.14
61 72 169.24
61 73 -53.9928
61 74 63.4355
61 75 70.2533
61 76 60.9563
61 77 -19.9585
61 78 -18.6876
61 79 57.6844
61 80 68.0892
61 81 54.9965
61 82 -147.982
61 83 64.448
61 84 34.333
61 85 -217.508
61 86 -77.8837
61 87 114.851
61 88 56.0619
61 89 6.17669
61 90 47.8493
61 91 -29.5252
61 92 59.4706
61 93 142.242
61 94 -107.936
61 95 -34.1332
61 96 111.272
61 97 30.134
61 98 -130.839
61 99 101.167
61 100 -189.527
61 101 10.2763
61 102 -111.7
61 103 106.724
61 104 57.488
61 105 -9.77349
61 106 129.51
61 107 -94.5176
62 72 141.196
62 73 -81.8874
62 74 117.244
62 75 -25.4188
62 76 -59.7317
62 77 -32.5736
62 78 -23.7148
62 79 -84.9696
62 80 -0.0150922
62 81 20.3964
62 82 -5.32141
62 83 -47.1794
62 84 -80.7837
62 85 13.4745
62 86 51.3553
62 87 -37.0354
62 88 52.4914
62 89 -20.6085
62 90 -69.6767
62 91 -70.8833
62 92 61.0501
62 93 153.499
62 94 5.0306
62 95 76.4912
62 96 13.1119
62 97 -86.9757
62 98 56.9257
62 99 7.43766
62 100 44.5354
62 101 -16.9749
62 102 -230.175
62 103 50.5433
62 104 -50.2471
62 105 75.4564
62 106 32.0255
62 107 152.248
63 72 -103.773
63 73 42.5079
63 74 74.7247
63 75 -48.4978
63 76 46.7818
63 77 14.9406
63 78 -274.589
63 79 117.249
63 80 192.959
63 81 -110.066
63 82 107.442
63 83 44.1114
63 84 154.397
63 85 97.3761
63 86 63.131
63 87 -48.673
63 88 19.6511
63 89 46.3032
63 90 69.6677
63 91 74.7968
63 92 77.4174
63 93 159.075
63 94 -102.897
63 95 23.1201
63 96 162.793
63 97 114.946
63 98 -43.7933
63 99 46.9828
63 100 12.5264
63 101 85.428
63 102 198.186
63 103 53.2229
63 104 5.27731
63 105 14.4155
63 106 73.4591
63 107 65.7125
64 72 47.7414
64 73 -27.9692
64 74 43.0223
64 75 -66.0118
64 76 -110.753
64 77 110.786
64 78 -146.034
64 79 53.2596
64 80 -75.8081
64 81 110.121
64 82 -45.5478
64 83 46.6717
64 84 -58.8043
64 85 94.8048
64 86 -58.5694
64 87 -177.837
64 88 141.284
64 89 28.6873
64 90 186.295
64 91 -167.93
64 92 15.874
64 93 43.5598
64 94 14.0013
64 95 -122.388
64 96 -21.5155
64 97 -72.7299
64 98 32.9764
64 99 -107.375
64 100 78.0949
64 101 151.069
64 102 -85.0056
64 103 -60.633
64 104 -133.585
64 105 218.306
64 106 -89.8041
64 107 58.8364
65 72 46.2628
65 73 -72.6468
65 74 -136.228
65 75 32.7633
65 76 37.2279
65 77 99.0424
65 78 229.801
65 79 85.6387
65 80 -45.2813
65 81 -272.228
65 82 -80.1913
65 83 171.465
65 84 92.6779
65 85 -144.664
65 86 -177.635
65 87 125.518
65 88 71.4264
65 89 -93.7232
65 90 -38.6796
65 91 -154.93
65 92 84.0665
65 93 63.1986
65 94 -46.4705
65 95 19.8032
65 96 -50.2037
65 97 21.0637
65 98 -11.4952
65 99 -14.5036
65 100 -54.702
65 101 19.6059
65 102 -23.5728
65 103 67.8114
65 104 78.676
65 105 -60.9789
65 106 117.571
65 107 40.7515
66 72 -44.4168
66 73 -169.765
66 74 35.3812
66 75 108.138
66 76 208.798
66 77 -125.23
66 78 19.8047
66 79 7.77794
66 80 -39.4996
66 81 -72.1128
66 82 33.4787
66 83 56.8996
66 84 122.842
66 85 -2.52739
66 86 -124.305
66 87 -136.919
66 88 186.379
66 89 59.865
66 90 35.6387
66 91 21.8373
66 92 -154.011
66 93 -0.49462
66 94 83.1918
66 95 196.972
66 96 66.3791
66 97 43.7445
66 98 158.714
66 99 -137.133
66 100 28.154
66 101 -154.574
66 102 141.821
66 103 -63.8704
66 104 27.235
66 105 -17.3762
66 106 -46.281
66 107 -91.5113
67 72 -10.2805
67 73 32.4976
67 74 -63.8369
67 75 -60.2501
67 76 -43.2888
67 77 2.75491
67 78 -26.7255
67 79 -68.7323
67 80 73.8892
67 81 41.6722
67 82 -112.726
67 83 112.426
67 84 -68.831
67 85 108.329
67 86 -34.8912
67 87 138.828
67 88 122.245
67 89 134.386
67 90 -28.1651
67 91 103.448
67 92 43.4679
67 93 9.27698
67 94 -42.3446
67 95 54.2653
67 96 -56.6021
67 97 -76.0022
67 98 -29.7157
67 99 193.399
67 100 56.2693
67 101 122.612
67 102 -84.2545
67 103 16.1745
67 104 -145.564
67 105 -35.8277
67 106 -16.9721
67 107 89.2357
68 72 14.5182
68 73 38.0975
68 74 -254.285
68 75 -47.6121
68 76 81.8824
68 77 52.8122
68 78 -9.27984
68 79 -14.9765
68 80 90.9776
68 81 -1.62964
68 82 -37.2291
68 83 -19.3506
68 84 87.998
68 85 -100.104
68 86 -24.1468
68 87 78.3203
68 88 -24.9243
68 89 0.0436849
68 90 44.201
68 91 -17.6342
68 92 -124.962
68 93 -171.047
68 94 36.7991
68 95 23.9234
68 96 -31.4224
68 97 -38.9821
68 98 14.5502
68 99 -63.0739
68 100 64.274
68 101 -48.1394
68 102 160.129
68 103 9.89882
68 104 -32.981
68 105 132.017
68 106 -2.58386
68 107 -74.8568
69 72 -119.686
69 73 106.641
69 74 83.4118
69 75 -92.6642
69 76 -12.3476
69 77 -10.5006
69 78 -53.7906
69 79 -95.5025
69 80 193.895
69 81 5.37064
69 82 168.836
69 83 138.117
69 84 17.2877
69 85 49.5257
69 86 8.23757
69 87 158.558
69 88 24.7658
69 89 -31.1827
69 90 -115.442
69 91 2.42576
69 92 -60.1005
69 93 47.3483
69 94 -25.6339
69 95 50.374
69 96 5.11963
69 97 -91.8907
69 98 39.2752
69 99 -18.634
69 100 140.531
69 101 49.7611
69 102 -21.3559
69 103 47.9369
69 104 104.135
69 105 -37.1951
69 106 81.3443
69 107 14.8076
70 72 -0.356328
70 73 -45.5663
70 74 74.1289
70 75 -36.8484
70 76 71.402
70 77 -22.115
70 78 16.1971
70 79 -20.3633
70 80 -22.0738
70 81 -157.828
70 82 -54.7538
70 83 -174.434
70 84 -133.847
70 85 -196.233
70 86 105.94
70 87 29.9682
70 88 -67.9098
70 89 -57.6224
70 90 171.595
70 91 -187.456
70 92 -179.012
70 93 -12.4833
70 94 19.7336
70 95 -36.9743
70 96 40.2867
70 97 -212.326
70 98 192.071
70 99 -91.3193
70 100 131.336
70 101 26.0222
70 102 -107.177
70 103 -12.9117
70 104 43.0842
70 105 -122.272
70 106 -11.4369
70 107 220.91
71 72 53.4213
71 73 76.6612
71 74 8.48621
71 75 54.9249
71 76 -64.4371
71 77 -55.7842
71 78 -74.566
71 79 -38.4863
71 80 106.899
71 81 89.9476
71 82 -58.6866
71 83 106.79
71 84 118.354
71 85 150.698
71 86 79.2715
71 87 156.673
71 88 13.2366
71 89 -65.6053
71 90 75.249
71 91 -26.4867
71 92 -77.2076
71 93 -103.402
71 94 54.4017
71 95 -155.34
71 96 135.479
71 97 -40.867
71 98 30.665
71 99 -28.0321
71 100 -151.472
71 101 -29.8721
71 102 61.7253
71 103 134.226
71 104 89.2865
71 105 -17.8758
71 106 13.4627
71 107 40.9725
0 0 -104.421
1 0 37.3472
2 0 44.0679
3 0 223.004
4 0 188.604
5 0 -10.1138
6 0 -137.741
7 0 24.8851
8 0 16.9859
9 0 98.6329
10 0 12.7415
11 0 -44.6656
12 0 63.0572
13 0 -51.6534
14 0 10.8822
15 0 35.11
16 0 63.305
17 0 22.2512
0 1 172.329
1 1 46.1465
2 1 14.2057
3 1 -226.283
4 1 135.959
5 1 -99.5124
6 1 59.5433
7 1 135.359
8 1 -63.8154
9 1 33.7733
10 1 -32.72
11 1 -120.572
12 1 112.121
13 1 -13.9331
14 1 77.2419
15 1 133.691
16 1 -38.2985
17 1 100.179
0 2 46.0963
1 2 97.1844
2 2 142.143
3 2 4.62712
4 2 -112.306
5 2 118.29
6 2 129.587
7 2 45.9531
8 2 41.4786
9 2 -161.499
10 2 14.5976
11 2 -196.544
12 2 -38.1224
13 2 59.7379
14 2 -4.12443
15 2 -160.785
16 2 -138.035
17 2 -101.425
0 3 94.8721
1 3 20.0058
2 3 -157.841
3 3 102.367
4 3 -5.34881
5 3 31.5247
6 3 -7.31089
7 3 77.2589
8 3 -86.5714
9 3 88.1463
10 3 -70.467
11 3 82.796
12 3 55.2131
13 3 -56.7127
14 3 27.7809
15 3 -67.9647
16 3 13.2757
17 3 -10.1133
0 4 -125.426
1 4 3.50901
2 4 127.69
3 4 170.525
4 4 -57.7438
5 4 -84.2472
6 4 12.6243
7 4 11.697
8 4 14.7106
9 4 -146.525
10 4 -2.37116
11 4 53.2812
12 4 -175.655
13 4 -36.8063
14 4 224.26
15 4 -103.719
16 4 -33.7574
17 4 -28.1094
0 5 -30.1037
1 5 -96.0139
2 5 -27.4923
3 5 -90.7986
4 5 -99.6106
5 5 119.154
6 5 -93.1864
7 5 128.719
8 5 109.405
9 5 -28.1541
10 5 -65.2693
11 5 -111.229
12 5 66.1449
13 5 99.4307
14 5 -21.8656
15 5 75.764
16 5 -151.193
17 5 2.36378
0 6 98.14
1 6 -62.5226
2 6 36.4459
3 6 -71.0116
4 6 116.414
5 6 140.157
6 6 -144.458
7 6 31.9163
8 6 35.2504
9 6 15.6368
10 6 -30.5332
11 6 92.7797
12 6 -27.1432
13 6 -23.694
14 6 21.9387
15 6 -182.051
16 6 -55.3832
17 6 131.22
0 7 44.2012
1 7 -98.2889
2 7 76.5724
3 7 3.60651
4 7 12.5571
5 7 57.3577
6 7 -52.7889
7 7 52.6892
8 7 182.617
9 7 4.2338
10 7 9.42402
11 7 67.4341
12 7 -79.2863
13 7 -74.0784
14 7 17.0586
15 7 96.1217
16 7 110.415
17 7 -63.1756
0 8 -105.209
1 8 -74.6215
2 8 -85.5364
3 8 -113.789
4 8 -119.506
5 8 -29.7823
6 8 -179.06
7 8 16.2786
8 8 40.931
9 8 40.1946
10 8 -144.1
11 8 224.63
12 8 -9.06486
13 8 -5.89315
14 8 -59.3518
15 8 -56.9435
16 8 -183.783
17 8 -66.178
0 9 115.771
1 9 120.041
2 9 147.108
3 9 -66.159
4 9 146.506
5 9 118.154
6 9 -144.692
7 9 47.2352
8 9 45.0045
9 9 18.7973
10 9 32.0417
11 9 -209.099
12 9 -26.9032
13 9 -8.43928
14 9 104.165
15 9 80.9169
16 9 77.9164
17 9 -18.6073
0 10 -0.984103
1 10 40.8385
2 10 -95.1935
3 10 -12.9977
4 10 -44.6049
5 10 35.9405
6 10 -56.9224
7 10 -13.7567
8 10 24.9927
9 10 -33.5481
10 10 149.182
11 10 71.3914
12 10 42.8734
13 10 -47.3657
14 10 -5.82834
15 10 121.248
16 10 -65.1976
17 10 -117.295
0 11 -108.759
1 11 -153.788
2 11 -17.937
3 11 13.8812
4 11 -22.4839
5 11 -112.303
6 11 2.56346
7 11 -20.8888
8 11 6.09259
9 11 166.479
10 11 -23.0232
11 11 -11.2096
12 11 6.75501
13 11 62.1724
14 11 22.7075
15 11 -148.739
16 11 -35.1915
17 11 -16.6224
0 12 -165.485
1 12 63.105
2 12 -60.0958
3 12 25.7662
4 12 -33.659
5 12 -107.923
6 12 46.3845
7 12 -191.833
8 12 232.322
9 12 105.72
10 12 132.115
11 12 -56.3298
12 12 60.681
13 12 48.8961
14 12 -34.3775
15 12 36.0993
16 12 -107.542
17 12 -10.7065
0 13 -173.458
1 13 -179.298
2 13 240.82
3 13 -154.83
4 13 -54.1787
5 13 -5.69905
6 13 13.4048
7 13 -142.73
8 13 -114.336
9 13 104.365
10 13 -36.8297
11 13 -76.973
12 13 29.168
13 13 46.0063
14 13 -135.266
15 13 189.494
16 13 131.483
17 13 -33.5916
0 14 -18.8989
1 14 51.2779
2 14 204.868
3 14 1.64744
4 14 -143.621
5 14 -114.307
6 14 -25.0773
7 14 25.4725
8 14 11.4245
9 14 81.1927
10 14 -68.5295
11 14 -114.082
12 14 -86.0363
13 14 16.3196
14 14 2.118
15 14 -45.9801
16 14 -39.4204
17 14 81.688
0 15 -40.7284
1 15 -17.0494
2 15 46.304
3 15 -166.092
4 15 162.688
5 15 2.42422
6 15 154.312
7 15 7.01409
8 15 206.907
9 15 39.5123
10 15 -54.0198
11 15 64.3221
12 15 -126.331
13 15 210.27
14 15 -57.7456
15 15 -51.5753
16 15 151.185
17 15 -38.1937
0 16 43.9723
1 16 194.643
2 16 241.346
3 16 2.06045
4 16 74.6416
5 16 88.972
6 16 55.9133
7 16 140.469
8 16 -3.40792
9 16 -3.37434
10 16 -46.836
11 16 63.5682
12 16 -68.3236
13 16 -75.3104
14 16 75.9288
15 16 161.305
16 16 -99.9697
17 16 -41.1696
0 17 -73.9496
1 17 70.0731
2 17 -61.0598
3 17 36.6982
4 17 -8.81604
5 17 -98.786
6 17 -59.5982
7 17 64.1441
8 17 174.834
9 17 178.332
10 17 122.66
11 17 -54.9394
12 17 30.3111
13 17 -116.271
14 17 -43.1745
15 17 -118.857
16 17 -117.124
17 17 9.00433
0 18 -94.2318
1 18 182.291
2 18 167.397
3 18 3.90542
4 18 -78.758
5 18 -33.868
6 18 -1.92562
7 18 -5.16653
8 18 -32.8669
9 18 118.976
10 18 17.8378
11 18 -227.338
12 18 -66.4899
13 18 180.952
14 18 128.255
15 18 -82.9438
16 18 -11.9901
17 18 -53.9867
0 19 97.4278
1 19 189.346
2 19 97.1642
3 19 -100.053
4 19 39.0032
5 19 -6.32515
6 19 -106.506
7 19 84.4073
8 19 -26.9573
9 19 60.4896
10 19 -14.7771
11 19 58.1744
12 19 -6.0297
13 19 -82.7341
14 19 45.2531
15 19 -73.0729
16 19 -55.3208
17 19 -151.506
0 20 64.8332
1 20 105.219
2 20 84.6647
3 20 83.2271
4 20 -18.0171
5 20 48.0549
6 20 -12.7793
7 20 46.3626
8 20 108.702
9 20 -1.45314
10 20 120.917
11 20 -110.52
12 20 -92.7802
13 20 -119.099
14 20 -52.9042
15 20 14.8517
16 20 81.4906
17 20 -44.3285
0 21 8.12176
1 21 -37.5363
2 21 -218.912
3 21 15.6201
4 21 -35.555
5 21 176.648
6 21 28.0346
7 21 -245.735
8 21 38.6266
9 21 71.6084
10 21 -134.748
11 21 -44.6461
12 21 66.4994
13 21 29.5954
14 21 -29.7978
15 21 -153.865
16 21 0.191244
17 21 -148.927
0 22 -72.5187
1 22 -248.913
2 22 -19.5303
3 22 -105.391
4 22 -10.4743
5 22 -1.19694
6 22 120.262
7 22 -105.374
8 22 -175.344
9 22 -43.7255
10 22 -26.9279
11 22 6.16515
12 22 164.826
13 22 53.4322
14 22 136.798
15 22 -181.55
16 22 191.36
17 22 24.0073
0 23 88.8655
1 23 88.4886
2 23 -71.1958
3 23 -11.9113
4 23 -16.4762
5 23 6.39885
6 23 -121.406
7 23 95.5774
8 23 -79.9171
9 23 -87.8688
10 23 -88.5646
11 23 12.4925
12 23 96.2781
13 23 -66.1999
14 23 218.595
15 23 -13.6946
16 23 -59.2599
17 23 -32.3079
0 24 -100.401
1 24 209.74
2 24 57.1907
3 24 45.6597
4 24 34.0121
5 24 -97.552
6 24 -74.086
7 24 127.388
8 24 -150.584
9 24 134.528
10 24 -185.35
11 24 25.5033
12 24 104.311
13 24 -101.433
14 24 83.9641
15 24 -78.3216
16 24 -121.706
17 24 87.5424
0 25 -65.9844
1 25 -58.509
2 25 -91.7613
3 25 46.3824
4 25 -83.5965
5 25 -27.8191
6 25 82.072
7 25 -103.071
8 25 -75.7586
9 25 16.2431
10 25 -60.6865
11 25 -182.243
12 25 -11.799
13 25 -27.2074
14 25 -119.348
15 25 53.003
16 25 -9.10308
17 25 43.4475
0 26 34.1376
1 26 64.3336
2 26 -283.07
3 26 33.3598
4 26 134.846
5 26 97.95
6 26 193.894
7 26 -48.2308
8 26 77.7123
9 26 79.6226
10 26 -25.2234
11 26 65.1148
12 26 -12.192
13 26 171.576
14 26 -16.3831
15 26 -20.7072
16 26 16.9905
17 26 -92.4141
0 27 -39.3528
1 27 -50.4961
2 27 147.244
3 27 91.9734
4 27 -53.9236
5 27 21.836
6 27 55.1458
7 27 52.806
8 27 42.0816
9 27 172.451
10 27 -78.3303
11 27 20.5048
12 27 3.07545
13 27 -74.862
14 27 16.5552
15 27 16.0474
16 27 -77.7519
17 27 -11.6188
0 28 -97.2762
1 28 51.3225
2 28 -29.3416
3 28 -86.0112
4 28 130.731
5 28 143.392
6 28 -39.275
7 28 115.126
8 28 45.5625
9 28 61.4589
10 28 5.2715
11 28 2.02474
12 28 -82.5155
13 28 55.5415
14 28 14.5646
15 28 -3.63217
16 28 204.199
17 28 -106.747
0 29 144.156
1 29 105.956
2 29 175.762
3 29 110.025
4 29 175.755
5 29 105.05
6 29 -22.5699
7 29 5.30604
8 29 83.6841
9 29 132.755
10 29 67.8484
11 29 66.5823
12 29 -178.607
13 29 93.2065
14 29 -94.3264
15 29 -83.5325
16 29 -32.3018
17 29 161.415
0 30 112.944
1 30 -83.435
2 30 79.7049
3 30 -143.104
4 30 -74.4061
5 30 -82.8572
6 30 -19.6497
7 30 42.6632
8 30 44.347
9 30 -15.3139
10 30 231.223
11 30 149.444
12 30 49.8256
13 30 -26.0332
14 30 -78.0966
15 30 -34.8981
16 30 -41.9559
17 30 -248.401
0 31 -46.2379
1 31 41.6961
2 31 11.0838
3 31 98.0412
4 31 -130.159
5 31 -18.8508
6 31 162.78
7 31 -195.489
8 31 -83.4814
9 31 49.769
10 31 -118.444
11 31 -27.0266
12 31 82.0894
13 31 10.4978
14 31 -31.8194
15 31 47.6591
16 31 75.0004
17 31 71.6924
0 32 -43.1038
1 32 -50.8882
2 32 -104.304
3 32 52.2643
4 32 -117.058
5 32 -68.7908
6 32 -13.6013
7 32 62.5614
8 32 -15.486
9 32 -18.302
10 32 -70.254
11 32 -129.769
12 32 -66.5745
13 32 101.881
14 32 -46.2833
15 32 20.4557
16 32 -22.6342
17 32 97.6671
0 33 33.5786
1 33 2.92468
2 33 136.67
3 33 80.6509
4 33 44.7197
5 33 79.4231
6 33 28.7729
7 33 -107.039
8 33 -60.6062
9 33 141.231
10 33 -31.1762
11 33 101.794
12 33 -288.208
13 33 37.8094
14 33 -135.295
15 33 -178.684
16 33 73.7107
17 33 37.8777
0 34 -77.7083
1 34 139.554
2 34 81.5347
3 34 -155.008
4 34 -44.4313
5 34 -52.4027
6 34 57.6293
7 34 -73.6043
8 34 -123.513
9 34 -173.911
10 34 -3.74616
11 34 72.8727
12 34 63.2842
13 34 -70.6841
14 34 54.8672
15 34 81.9649
16 34 168.846
17 34 -16.5718
0 35 34.8765
1 35 27.4486
2 35 191.574
3 35 -99.6372
4 35 82.2702
5 35 5.90909
6 35 -5.25953
7 35 97.2258
8 35 134.834
9 35 -5.02799
10 35 21.9571
11 35 176.181
12 35 98.256
13 35 -36.6138
14 35 48.7356
15 35 -34.8581
16 35 124.312
17 35 66.415
108 112 26.1057
108 113 56.2789
108 114 134.874
108 115 7.02894
109 112 203.879
109 113 14.3964
109 114 -61.8311
109 115 8.64826
110 112 18.2158
110 113 10.2005
110 114 6.13162
110 115 46.198
111 112 -83.7645
111 113 170.175
111 114 -3.41295
111 115 51.7494
0 108 -34.9619
1 108 12.9599
2 108 -116.26
3 108 -84.4468
4 108 120.022
5 108 50.2912
6 108 -90.486
7 108 72.6165
8 108 40.7223
9 108 -10.1616
10 108 53.174
11 108 79.3825
12 108 -10.2793
13 108 -73.6897
14 108 137.827
15 108 -104.274
16 108 -115.784
17 108 33.8198
0 109 -12.4872
1 109 112.559
2 109 38.1786
3 109 -24.1487
4 109 103.356
5 109 26.0605
6 109 -55.725
7 109 43.8583
8 109 5.01623
9 109 -60.8689
10 109 166.169
11 109 150.459
12 109 -34.9323
13 109 -11.9902
14 109 -85.4104
15 109 -73.0732
16 109 -4.84679
17 109 -163.554
0 110 24.0892
1 110 10.9052
2 110 -33.9224
3 110 204.263
4 110 76.2929
5 110 -17.977
6 110 -98.5852
7 110 75.8972
8 110 94.0558
9 110 -86.8493
10 110 -26.4724
11 110 -137.627
12 110 -92.2097
13 110 -57.9995
14 110 -98.4733
15 110 -120.031
16 110 -48.9036
17 110 15.2604
0 111 -3.4917
1 111 -122.151
2 111 168.784
3 111 -101.937
4 111 -46.1909
5 111 32.9406
6 111 53.949
7 111 -54.3491
8 111 130.92
9 111 52.0225
10 111 -186.856
11 111 27.7908
12 111 -9.20834
13 111 131.516
14 111 49.619
15 111 -8.23745
16 111 -48.1214
17 111 110.933
