soma 116
SIGMOID
SIGMOID
SIGMOID
SIGMOID
SIGMOID
SIGMOID
SIGMOID
SIGMOID
SIGMOID
SIGMOID
SIGMOID
SIGMOID
SIGMOID
SIGMOID
SIGMOID
SIGMOID
SIGMOID
SIGMOID
SIGMOID
SIGMOID
SIGMOID
SIGMOID
SIGMOID
SIGMOID
SIGMOID
SIGMOID
SIGMOID
SIGMOID
SIGMOID
SIGMOID
SIGMOID
SIGMOID
SIGMOID
SIGMOID
SIGMOID
SIGMOID
SIGMOID
SIGMOID
SIGMOID
SIGMOID
SIGMOID
SIGMOID
SIGMOID
SIGMOID
SIGMOID
SIGMOID
SIGMOID
SIGMOID
SIGMOID
SIGMOID
SIGMOID
SIGMOID
SIGMOID
SIGMOID
SIGMOID
SIGMOID
SIGMOID
SIGMOID
SIGMOID
SIGMOID
SIGMOID
SIGMOID
SIGMOID
SIGMOID
SIGMOID
SIGMOID
SIGMOID
SIGMOID
SIGMOID
SIGMOID
SIGMOID
SIGMOID
SIGMOID
SIGMOID
SIGMOID
SIGMOID
SIGMOID
SIGMOID
SIGMOID
SIGMOID
SIGMOID
SIGMOID
SIGMOID
SIGMOID
SIGMOID
SIGMOID
SIGMOID
SIGMOID
SIGMOID
SIGMOID
SIGMOID
SIGMOID
SIGMOID
SIGMOID
SIGMOID
SIGMOID
SIGMOID
SIGMOID
SIGMOID
SIGMOID
SIGMOID
SIGMOID
SIGMOID
SIGMOID
SIGMOID
SIGMOID
SIGMOID
SIGMOID
SIGMOID
SIGMOID
SIGMOID
SIGMOID
GAUSSIAN
GAUSSIAN
GAUSSIAN
18 0 1 2 3 4 5 6 7 8 9 10 11 12 13 14 15 16 17
# input_soma output_soma weight
synapse 3328
0 36 67.8521
0 37 -1.90074
0 38 27.8744
0 39 -35.6049
0 40 -69.6915
0 41 -2.33744
0 42 18.6489
0 43 -156.616
0 44 14.5148
0 45 -107.054
0 46 -59.3834
0 47 53.6822
0 48 58.3487
0 49 -6.76914
0 50 4.75705
0 51 0.304808
0 52 -73.4949
0 53 27.1686
0 54 -45.4339
0 55 -36.3038
0 56 -96.4714
0 57 12.4721
0 58 19.5808
0 59 26.7965
0 60 -96.633
0 61 -162.57
0 62 37.1471
0 63 133.951
0 64 165.337
0 65 -66.8004
0 66 -45.9676
0 67 43.3959
0 68 70.6852
0 69 -14.3725
0 70 -127.867
0 71 125.971
1 36 15.0551
1 37 -95.78
1 38 73.7965
1 39 -88.9355
1 40 94.605
1 41 129.924
1 42 116.518
1 43 -44.2707
1 44 -77.8937
1 45 14.9253
1 46 89.4666
1 47 20.3937
1 48 100.927
1 49 79.9826
1 50 -64.3021
1 51 14.5571
1 52 -116.692
1 53 139.052
1 54 -96.3278
1 55 -122.597
1 56 -13.4913
1 57 13.5217
1 58 -49.0147
1 59 -44.8452
1 60 38.8403
1 61 -34.6327
1 62 -78.6392
1 63 -0.936001
1 64 50.5948
1 65 -32.0514
1 66 117.051
1 67 -49.7831
1 68 11.1046
1 69 -151.177
1 70 -8.8268
1 71 -29.1053
2 36 124.334
2 37 -9.27855
2 38 139.66
2 39 146.647
2 40 -55.2924
2 41 6.44796
2 42 129.746
2 43 20.4361
2 44 80.2009
2 45 2.90694
2 46 -31.8662
2 47 26.641
2 48 -100.966
2 49 -36.5585
2 50 -74.8706
2 51 38.0268
2 52 29.6661
2 53 -47.7939
2 54 61.638
2 55 -34.6216
2 56 49.0274
2 57 36.3022
2 58 -47.585
2 59 1.45629
2 60 -11.7717
2 61 7.246
2 62 -107.498
2 63 -61.4988
2 64 -12.0824
2 65 8.78458
2 66 31.6433
2 67 -28.659
2 68 -39.3871
2 69 6.7633
2 70 -30.2106
2 71 127.766
3 36 42.1779
3 37 -75.5447
3 38 -81.4524
3 39 30.801
3 40 3.32839
3 41 164.365
3 42 -35.6936
3 43 23.5358
3 44 -94.1092
3 45 -29.5298
3 46 14.124
3 47 44.1202
3 48 -63.8864
3 49 -96.7323
3 50 105.374
3 51 -54.9638
3 52 -3.64001
3 53 -39.784
3 54 -58.0469
3 55 -46.6502
3 56 -144.649
3 57 -46.6493
3 58 85.2254
3 59 -42.9841
3 60 2.59517
3 61 -75.0523
3 62 23.49
3 63 23.6357
3 64 47.2302
3 65 -37.1666
3 66 -12.5264
3 67 93.0688
3 68 -47.2429
3 69 31.803
3 70 102.263
3 71 -65.195
4 36 75.3035
4 37 20.3225
4 38 -37.1741
4 39 -6.96783
4 40 -25.6916
4 41 -87.3345
4 42 44.793
4 43 -46.2962
4 44 7.71248
4 45 62.4143
4 46 -9.79176
4 47 -24.7458
4 48 -76.8358
4 49 -16.5833
4 50 -18.1552
4 51 96.4689
4 52 8.14219
4 53 13.3054
4 54 49.8788
4 55 66.986
4 56 30.448
4 57 5.84517
4 58 -55.9865
4 59 -24.3327
4 60 -32.9493
4 61 -13.8194
4 62 27.2247
4 63 -66.8889
4 64 17.6257
4 65 -151.635
4 66 -20.6004
4 67 100.656
4 68 -108.537
4 69 19.4886
4 70 84.3121
4 71 11.7333
5 36 -120.999
5 37 -14.7414
5 38 -22.7888
5 39 -33.8915
5 40 -28.9802
5 41 89.942
5 42 -19.6253
5 43 -11.3884
5 44 -87.3309
5 45 -10.1454
5 46 32.5611
5 47 41.1641
5 48 47.3093
5 49 229.253
5 50 67.9207
5 51 4.24714
5 52 68.1642
5 53 56.5735
5 54 86.9897
5 55 142.701
5 56 -21.9057
5 57 -34.7703
5 58 -41.6531
5 59 -28.9974
5 60 21.4172
5 61 90.9448
5 62 -14.8722
5 63 -95.4626
5 64 -108.142
5 65 23.5753
5 66 -11.0666
5 67 -31.1943
5 68 -12.9424
5 69 -25.8577
5 70 35.619
5 71 55.7902
6 36 -39.9722
6 37 -76.3269
6 38 -82.7362
6 39 73.2215
6 40 106.88
6 41 -22.6503
6 42 -6.90921
6 43 -4.71547
6 44 102.986
6 45 65.5588
6 46 -45.6541
6 47 -19.7969
6 48 -12.1196
6 49 51.5633
6 50 -54.9902
6 51 43.4225
6 52 -54.3062
6 53 -66.0763
6 54 48.5507
6 55 79.5207
6 56 -121.802
6 57 36.8362
6 58 67.8516
6 59 -104.036
6 60 -59.7821
6 61 37.1749
6 62 53.8269
6 63 -21.8942
6 64 -97.3031
6 65 3.5468
6 66 105.153
6 67 62.2996
6 68 8.24066
6 69 58.3237
6 70 -32.6253
6 71 -63.5084
7 36 10.012
7 37 -8.4202
7 38 94.9082
7 39 38.5364
7 40 19.9757
7 41 109.189
7 42 34.5408
7 43 38.3979
7 44 -60.0442
7 45 -20.9283
7 46 15.6303
7 47 -85.0322
7 48 33.0603
7 49 -34.6023
7 50 38.8809
7 51 53.1397
7 52 25.2215
7 53 112.443
7 54 -73.3206
7 55 47.4719
7 56 -19.4315
7 57 150.583
7 58 -19.9408
7 59 -6.96004
7 60 51.272
7 61 -21.0782
7 62 -28.7988
7 63 20.7202
7 64 -107.268
7 65 -57.9627
7 66 -41.666
7 67 -28.1123
7 68 60.2471
7 69 -20.1105
7 70 124.433
7 71 25.1041
8 36 -43.2742
8 37 78.3668
8 38 -6.13941
8 39 -116.661
8 40 -89.2064
8 41 110.213
8 42 -95.928
8 43 116.357
8 44 8.80689
8 45 -9.5155
8 46 50.0779
8 47 -161.547
8 48 -104.09
8 49 -97.3911
8 50 43.4882
8 51 -26.6804
8 52 -64.4171
8 53 -12.4754
8 54 -36.2773
8 55 45.8778
8 56 -163.301
8 57 64.6763
8 58 -24.7218
8 59 -27.3848
8 60 55.0656
8 61 -12.0962
8 62 -60.6485
8 63 -39.2558
8 64 1.75389
8 65 130.363
8 66 97.2211
8 67 -13.4046
8 68 1.26183
8 69 76.1784
8 70 -67.5448
8 71 18.0882
9 36 87.718
9 37 46.6077
9 38 -3.17671
9 39 51.7586
9 40 1.51643
9 41 -22.1104
9 42 112.758
9 43 -62.864
9 44 -128.593
9 45 -36.25
9 46 -29.8794
9 47 -129.025
9 48 -7.02844
9 49 -31.266
9 50 -41.4527
9 51 -23.1553
9 52 -75.2886
9 53 -47.4957
9 54 -37.8418
9 55 113.938
9 56 105.422
9 57 -77.6925
9 58 -11.6481
9 59 -47.52
9 60 -84.7055
9 61 -19.6043
9 62 35.4
9 63 105.289
9 64 -3.07686
9 65 -82.8223
9 66 4.20409
9 67 19.1839
9 68 -43.6982
9 69 -214.468
9 70 7.39568
9 71 -5.07611
10 36 -2.05829
10 37 -26.3146
10 38 -7.10853
10 39 -46.4006
10 40 80.3512
10 41 58.0287
10 42 -36.5581
10 43 210.042
10 44 -11.0332
10 45 -113.825
10 46 71.351
10 47 13.4096
10 48 101.382
10 49 -76.37
10 50 104.499
10 51 -112.417
10 52 23.9665
10 53 1.88141
10 54 -26.4763
10 55 -1.84759
10 56 86.2936
10 57 137.243
10 58 6.84478
10 59 105.581
10 60 10.214
10 61 -36.8058
10 62 35.1589
10 63 54.1392
10 64 -40.1271
10 65 59.3692
10 66 -100.793
10 67 -101.68
10 68 57.8235
10 69 203.651
10 70 56.3263
10 71 38.256
11 36 55.3379
11 37 -12.9503
11 38 -134.118
11 39 -103.463
11 40 -87.4348
11 41 -143.382
11 42 0.656871
11 43 0.763907
11 44 57.528
11 45 21.86
11 46 -4.31384
11 47 -139.546
11 48 38.2706
11 49 11.9776
11 50 7.57233
11 51 56.6969
11 52 -52.2879
11 53 131.852
11 54 -83.4406
11 55 -31.2181
11 56 16.6413
11 57 39.0985
11 58 98.0963
11 59 86.5588
11 60 85.2156
11 61 -115.28
11 62 74.4308
11 63 23.872
11 64 23.6273
11 65 42.6101
11 66 3.12006
11 67 -21.0673
11 68 72.9961
11 69 -34.6103
11 70 -72.7702
11 71 -63.1069
12 36 64.5797
12 37 24.8663
12 38 42.3474
12 39 48.5491
12 40 -68.2592
12 41 20.7125
12 42 -16.99
12 43 -22.9769
12 44 -12.8209
12 45 17.6653
12 46 47.4877
12 47 -35.342
12 48 -30.7964
12 49 -12.4526
12 50 2.41713
12 51 175.821
12 52 -56.5417
12 53 68.3207
12 54 66.0923
12 55 17.0591
12 56 -64.8797
12 57 -58.7223
12 58 -21.1353
12 59 -166.135
12 60 -32.6366
12 61 39.0021
12 62 46.0637
12 63 -37.9762
12 64 -68.7795
12 65 58.0389
12 66 -144.357
12 67 12.8922
12 68 -57.3252
12 69 86.1385
12 70 17.6001
12 71 -40.0378
13 36 -42.9622
13 37 201.698
13 38 -67.6374
13 39 -61.6497
13 40 -93.9975
13 41 -48.9579
13 42 -82.9342
13 43 69.6444
13 44 17.3516
13 45 -23.0491
13 46 -39.3463
13 47 -19.1296
13 48 -39.5018
13 49 72.3772
13 50 47.3021
13 51 -8.82276
13 52 22.4837
13 53 22.7875
13 54 -49.0774
13 55 56.3481
13 56 106.962
13 57 -60.6109
13 58 -8.29594
13 59 -55.9049
13 60 82.7321
13 61 -36.9062
13 62 75.5842
13 63 46.6624
13 64 -164.691
13 65 -15.6006
13 66 -88.6409
13 67 -66.7281
13 68 -27.0328
13 69 21.5784
13 70 2.01048
13 71 -72.8568
14 36 -5.04411
14 37 -90.2473
14 38 -114.036
14 39 45.3666
14 40 -61.0995
14 41 -7.87781
14 42 45.1676
14 43 -85.8339
14 44 10.7847
14 45 -59.0845
14 46 -12.7119
14 47 -16.4852
14 48 19.0644
14 49 -14.554
14 50 74.6689
14 51 -70.6865
14 52 -12.8604
14 53 -4.29808
14 54 -46.447
14 55 -92.19
14 56 42.4394
14 57 21.35
14 58 -10.7776
14 59 -2.90034
14 60 64.6128
14 61 20.8855
14 62 94.4502
14 63 -1.62071
14 64 -59.0142
14 65 20.1316
14 66 -85.076
14 67 95.0347
14 68 41.2633
14 69 -88.3006
14 70 -17.8473
14 71 25.942
15 36 78.4666
15 37 107.509
15 38 27.8306
15 39 28.7884
15 40 27.06
15 41 140.709
15 42 59.2373
15 43 -117.024
15 44 -147.816
15 45 18.5236
15 46 53.0081
15 47 128.888
15 48 -9.91909
15 49 -45.727
15 50 1.71334
15 51 -90.6337
15 52 -52.9948
15 53 -45.1128
15 54 -48.5321
15 55 -68.5432
15 56 59.5878
15 57 21.0646
15 58 -6.96754
15 59 -114.074
15 60 38.6763
15 61 -58.1412
15 62 111.582
15 63 81.3556
15 64 -143.258
15 65 -78.747
15 66 84.5904
15 67 13.9352
15 68 28.5802
15 69 -31.3166
15 70 -24.9255
15 71 -83.1534
16 36 97.5948
16 37 -95.5225
16 38 92.6033
16 39 59.8866
16 40 39.6397
16 41 -127.928
16 42 -26.8703
16 43 73.9954
16 44 57.3432
16 45 4.63582
16 46 -1.41444
16 47 -30.5344
16 48 14.6723
16 49 166.137
16 50 -204.254
16 51 20.2502
16 52 -5.73794
16 53 -83.5874
16 54 5.7682
16 55 17.7236
16 56 53.5597
16 57 -135.648
16 58 -46.4674
16 59 159.367
16 60 62.4829
16 61 35.666
16 62 -15.4405
16 63 57.9721
16 64 35.5532
16 65 -17.7962
16 66 -20.6743
16 67 -75.8127
16 68 -75.4777
16 69 110.961
16 70 -68.7156
16 71 12.1288
17 36 37.7641
17 37 -36.1099
17 38 52.7758
17 39 81.5351
17 40 -17.0706
17 41 14.3272
17 42 22.9815
17 43 -10.9944
17 44 -48.1799
17 45 -14.6803
17 46 -8.7158
17 47 -63.3991
17 48 6.98283
17 49 -28.164
17 50 144.634
17 51 -41.7646
17 52 114.832
17 53 126.841
17 54 -90.1552
17 55 -134.879
17 56 -6.44298
17 57 13.1495
17 58 36.7026
17 59 -7.13456
17 60 41.9127
17 61 -80.3435
17 62 20.9816
17 63 -85.0588
17 64 -130.202
17 65 -4.14994
17 66 61.1517
17 67 -5.65247
17 68 -68.5193
17 69 -1.68727
17 70 -112.984
17 71 25.2568
18 36 44.62
18 37 -31.4581
18 38 -1.75129
18 39 32.5688
18 40 -36.2985
18 41 139.488
18 42 -94.1886
18 43 -8.10368
18 44 62.135
18 45 84.995
18 46 42.2775
18 47 53.2306
18 48 -65.9521
18 49 33.2441
18 50 75.9792
18 51 96.3861
18 52 -5.77477
18 53 130.497
18 54 4.44709
18 55 46.0719
18 56 94.0987
18 57 12.7469
18 58 45.2694
18 59 37.5496
18 60 -26.4599
18 61 -130.187
18 62 -15.5319
18 63 -20.1829
18 64 -52.8452
18 65 -41.0768
18 66 -107.787
18 67 89.6268
18 68 -1.70114
18 69 20.6752
18 70 -24.1022
18 71 -85.3419
19 36 -52.339
19 37 23.0823
19 38 37.9327
19 39 -0.75868
19 40 -70.4222
19 41 24.818
19 42 17.2809
19 43 -156.719
19 44 51.5484
19 45 -55.8985
19 46 3.87539
19 47 -2.32708
19 48 -9.92235
19 49 126.068
19 50 -45.1121
19 51 -32.4419
19 52 111.151
19 53 42.2966
19 54 105.919
19 55 -16.3246
19 56 -37.4695
19 57 -155.468
19 58 -41.4852
19 59 -24.1671
19 60 24.0539
19 61 35.8889
19 62 28.9654
19 63 67.6048
19 64 76.6723
19 65 18.6255
19 66 11.4138
19 67 -120.681
19 68 116.599
19 69 -104.8
19 70 -0.494414
19 71 85.9973
20 36 -50.7376
20 37 41.6589
20 38 21.1873
20 39 114.378
20 40 32.754
20 41 -2.13022
20 42 -4.4566
20 43 43.4641
20 44 99.5144
20 45 -46.5633
20 46 79.0167
20 47 55.5017
20 48 32.3876
20 49 2.15653
20 50 20.6172
20 51 -10.7767
20 52 -98.0796
20 53 -114.388
20 54 -17.9553
20 55 12.1531
20 56 28.8536
20 57 4.45377
20 58 -203.589
20 59 54.41
20 60 -42.7725
20 61 -10.5493
20 62 18.4989
20 63 -8.27939
20 64 -48.4177
20 65 25.9196
20 66 121.428
20 67 0.489337
20 68 -40.2249
20 69 88.0364
20 70 -84.0537
20 71 13.0842
21 36 40.2712
21 37 53.2699
21 38 25.4652
21 39 65.5337
21 40 -59.4579
21 41 -146.714
21 42 19.3984
21 43 44.4143
21 44 70.3073
21 45 29.2181
21 46 29.4738
21 47 8.2638
21 48 -83.8223
21 49 15.9693
21 50 74.9968
21 51 -78.8439
21 52 -106.684
21 53 55.9802
21 54 -20.9472
21 55 35.3488
21 56 -28.3018
21 57 -54.1787
21 58 162.33
21 59 130.194
21 60 -34.6205
21 61 -104.189
21 62 17.8056
21 63 23.3957
21 64 -5.23103
21 65 -41.0269
21 66 -31.65
21 67 -60.0943
21 68 66.7092
21 69 9.43907
21 70 26.8775
21 71 57.1654
22 36 33.0002
22 37 -73.9659
22 38 -44.4461
22 39 -34.8721
22 40 4.40066
22 41 -108.022
22 42 -58.1711
22 43 54.525
22 44 0.257909
22 45 -38.9685
22 46 -75.9413
22 47 0.413497
22 48 -57.9123
22 49 22.9484
22 50 10.8455
22 51 -39.9723
22 52 13.5657
22 53 -27.6018
22 54 -34.8025
22 55 -98.0123
22 56 27.1326
22 57 21.0715
22 58 83.3584
22 59 74.8871
22 60 -174.396
22 61 -33.4125
22 62 113.714
22 63 -61.6123
22 64 82.4885
22 65 19.5789
22 66 4.64184
22 67 117.82
22 68 -1.89976
22 69 73.1109
22 70 -98.6844
22 71 133.811
23 36 -102.962
23 37 -105.352
23 38 -80.2879
23 39 -107.917
23 40 -7.99039
23 41 67.3551
23 42 5.72118
23 43 52.9834
23 44 -102.689
23 45 18.0758
23 46 31.5091
23 47 34.9117
23 48 -42.1478
23 49 -52.762
23 50 -21.8993
23 51 63.7787
23 52 36.9119
23 53 -30.2303
23 54 -46.6282
23 55 5.59116
23 56 53.311
23 57 -15.2956
23 58 -113.393
23 59 78.4909
23 60 -51.9489
23 61 -94.5461
23 62 -13.5325
23 63 83.3782
23 64 -136.499
23 65 48.0326
23 66 42.1316
23 67 -8.72242
23 68 90.0458
23 69 100.352
23 70 5.19189
23 71 -69.3555
24 36 -5.69503
24 37 -85.5732
24 38 -5.33116
24 39 51.6976
24 40 227.737
24 41 -48.8188
24 42 -46.1281
24 43 15.6241
24 44 -55.6799
24 45 -50.1471
24 46 23.9323
24 47 -91.1395
24 48 53.1464
24 49 -13.5176
24 50 -42.9484
24 51 -74.1832
24 52 105.505
24 53 -106.825
24 54 -2.06027
24 55 3.94093
24 56 -101.826
24 57 66.4298
24 58 32.0303
24 59 54.7218
24 60 -15.9332
24 61 -30.6396
24 62 129.501
24 63 -7.83497
24 64 12.3633
24 65 52.1154
24 66 -82.5842
24 67 62.8178
24 68 5.04671
24 69 -72.0999
24 70 -7.96777
24 71 -74.258
25 36 -27.0827
25 37 -34.1876
25 38 149.44
25 39 79.1141
25 40 107.152
25 41 -51.4297
25 42 -6.53025
25 43 -40.2131
25 44 6.92924
25 45 -6.78301
25 46 15.7069
25 47 48.8404
25 48 24.434
25 49 39.0902
25 50 100.793
25 51 17.1627
25 52 -37.3045
25 53 143.562
25 54 15.3375
25 55 35.9378
25 56 -85.4986
25 57 81.5634
25 58 100.309
25 59 -8.62842
25 60 -35.6892
25 61 52.6975
25 62 123.596
25 63 -82.7305
25 64 200.268
25 65 -19.5594
25 66 5.06951
25 67 15.6358
25 68 7.39171
25 69 -50.8812
25 70 -132.162
25 71 -120.103
26 36 82.4186
26 37 80.0032
26 38 -56.4442
26 39 42.0305
26 40 -78.5257
26 41 44.9745
26 42 70.4967
26 43 72.8007
26 44 -153.774
26 45 39.7839
26 46 103.326
26 47 5.26233
26 48 58.2768
26 49 65.9706
26 50 -94.9848
26 51 85.4472
26 52 50.1898
26 53 -40.5948
26 54 2.37213
26 55 -62.3868
26 56 77.4134
26 57 -110.495
26 58 60.6381
26 59 22.6376
26 60 -66.7731
26 61 1.72836
26 62 24.6439
26 63 -37.1806
26 64 -41.3032
26 65 0.0940033
26 66 -100.035
26 67 119.505
26 68 -131.208
26 69 -34.6599
26 70 48.5792
26 71 -128.07
27 36 -95.935
27 37 -50.0809
27 38 -63.6062
27 39 -110.538
27 40 62.6834
27 41 -100.313
27 42 1.31369
27 43 -13.8794
27 44 125.554
27 45 30.4713
27 46 -30.3697
27 47 11.91
27 48 -16.7582
27 49 -10.5898
27 50 71.6501
27 51 -25.6355
27 52 31.3797
27 53 159.148
27 54 -72.7173
27 55 -32.7791
27 56 56.3255
27 57 -0.505985
27 58 43.633
27 59 -30.6996
27 60 -153.619
27 61 -34.5216
27 62 114.138
27 63 -28.61
27 64 100.108
27 65 -21.9821
27 66 -24.5475
27 67 6.16761
27 68 -93.8353
27 69 22.6708
27 70 154.148
27 71 108.354
28 36 -74.4323
28 37 72.7007
28 38 60.495
28 39 75.4725
28 40 -41.7616
28 41 7.44292
28 42 -16.3235
28 43 2.41214
28 44 -15.7277
28 45 38.1665
28 46 37.7676
28 47 -52.3063
28 48 -32.6498
28 49 1.07862
28 50 -20.8267
28 51 -4.53963
28 52 58.4331
28 53 -54.4903
28 54 -30.5114
28 55 118.157
28 56 -44.6399
28 57 -87.1499
28 58 38.4208
28 59 -43.1536
28 60 -10.2662
28 61 49.0015
28 62 82.2395
28 63 6.43982
28 64 -123.096
28 65 26.2251
28 66 -13.1901
28 67 -38.9073
28 68 13.4829
28 69 -13.2426
28 70 42.5158
28 71 -93.7059
29 36 -18.1472
29 37 -52.8441
29 38 -59.5982
29 39 130.518
29 40 -50.8581
29 41 -95.6073
29 42 75.7619
29 43 -2.23701
29 44 -11.6532
29 45 -12.3509
29 46 18.6802
29 47 -103.806
29 48 -14.3053
29 49 -115.195
29 50 41.4376
29 51 107.708
29 52 -55.8908
29 53 -68.3238
29 54 47.7654
29 55 -29.5891
29 56 40.2685
29 57 -57.0815
29 58 -8.39968
29 59 43.1999
29 60 49.2934
29 61 9.89478
29 62 -82.3437
29 63 73.9815
29 64 -17.5862
29 65 -62.9155
29 66 29.3788
29 67 58.2666
29 68 -37.1676
29 69 33.7974
29 70 -40.0863
29 71 63.6197
30 36 35.1687
30 37 72.6393
30 38 -42.2105
30 39 -83.5685
30 40 72.7592
30 41 7.10795
30 42 51.6364
30 43 214.145
30 44 165.066
30 45 19.2321
30 46 -34.5141
30 47 -48.0179
30 48 -18.6862
30 49 15.835
30 50 -33.9147
30 51 -147.663
30 52 1.82865
30 53 3.20337
30 54 126.215
30 55 -36.4209
30 56 -116.404
30 57 -2.05575
30 58 55.8868
30 59 -65.5979
30 60 84.0921
30 61 73.0818
30 62 -31.9881
30 63 -81.3885
30 64 109.126
30 65 28.0202
30 66 22.0114
30 67 33.7411
30 68 -58.4596
30 69 -37.308
30 70 13.3906
30 71 119.802
31 36 -45.435
31 37 46.2123
31 38 8.31258
31 39 -42.7877
31 40 66.0685
31 41 -75.6045
31 42 0.847135
31 43 -42.4085
31 44 -42.1717
31 45 -11.712
31 46 20.3759
31 47 42.8176
31 48 16.6649
31 49 -18.3461
31 50 -141.361
31 51 25.7393
31 52 -25.737
31 53 -102.778
31 54 -75.9346
31 55 21.4037
31 56 -32.0735
31 57 -76.2618
31 58 32.9922
31 59 -16.8126
31 60 4.57345
31 61 -131.157
31 62 -29.7493
31 63 9.17844
31 64 27.1552
31 65 39.6007
31 66 -0.133898
31 67 218.939
31 68 -14.7855
31 69 11.006
31 70 -107.513
31 71 0.843182
32 36 47.8317
32 37 11.3359
32 38 -121.702
32 39 41.5027
32 40 7.64754
32 41 -65.4886
32 42 -7.3798
32 43 16.5094
32 44 152.671
32 45 -56.7865
32 46 -11.7305
32 47 -35.3026
32 48 -44.7265
32 49 29.6553
32 50 19.4
32 51 85.1441
32 52 -20.5742
32 53 -46.7111
32 54 67.6876
32 55 -5.44507
32 56 -44.5074
32 57 -26.0516
32 58 -9.2418
32 59 -12.4221
32 60 0.566786
32 61 13.6768
32 62 -68.3589
32 63 -77.0574
32 64 -26.8897
32 65 -59.5103
32 66 40.3919
32 67 -32.751
32 68 -60.8748
32 69 -23.744
32 70 -42.0438
32 71 -8.5794
33 36 8.03415
33 37 -3.82858
33 38 -5.47663
33 39 -23.6963
33 40 -46.5032
33 41 19.1596
33 42 72.758
33 43 -7.24728
33 44 49.5831
33 45 -45.2312
33 46 -54.7271
33 47 -46.3791
33 48 -79.7744
33 49 136.38
33 50 26.7372
33 51 24.7272
33 52 -85.1226
33 53 -90.8869
33 54 61.2012
33 55 -59.9429
33 56 19.2396
33 57 54.9571
33 58 20.5987
33 59 76.508
33 60 -119.946
33 61 53.0062
33 62 -37.819
33 63 25.5849
33 64 -62.6355
33 65 55.1485
33 66 -33.1847
33 67 -183.754
33 68 80.4751
33 69 -70.5422
33 70 -89.0652
33 71 38.0116
34 36 44.4658
34 37 -83.3149
34 38 105.756
34 39 -2.70006
34 40 273.502
34 41 0.704392
34 42 -22.4606
34 43 60.703
34 44 66.0889
34 45 72.6193
34 46 -93.9085
34 47 -89.4274
34 48 139.119
34 49 -75.8851
34 50 51.8822
34 51 39.8939
34 52 -59.8906
34 53 52.9318
34 54 21.8764
34 55 -24.0784
34 56 -80.4
34 57 34.3325
34 58 -60.9111
34 59 45.0539
34 60 -5.43771
34 61 -44.163
34 62 -58.657
34 63 -45.2165
34 64 12.331
34 65 10.8403
34 66 -22.0325
34 67 -23.4911
34 68 -5.97921
34 69 37.954
34 70 15.0112
34 71 63.3724
35 36 -56.8119
35 37 43.4727
35 38 63.2606
35 39 164.369
35 40 2.0475
35 41 -40.3635
35 42 -1.84169
35 43 -51.8692
35 44 -105.459
35 45 83.1977
35 46 -18.9127
35 47 143.832
35 48 -54.3017
35 49 16.058
35 50 -27.5416
35 51 73.2098
35 52 -106.111
35 53 0.117241
35 54 39.4046
35 55 12.3184
35 56 35.4439
35 57 -12.0442
35 58 18.1403
35 59 97.4724
35 60 86.5837
35 61 -9.44626
35 62 50.1402
35 63 -43.6414
35 64 -101.349
35 65 -4.63427
35 66 51.8668
35 67 76.1354
35 68 31.2682
35 69 51.1847
35 70 -103.758
35 71 77.0443
36 72 -12.0468
36 73 17.8178
36 74 -66.1552
36 75 29.451
36 76 47.6214
36 77 -19.7389
36 78 107.256
36 79 38.0412
36 80 58.0185
36 81 -17.7721
36 82 -6.15646
36 83 -52.0453
36 84 36.2624
36 85 -88.3709
36 86 72.0614
36 87 51.9735
36 88 162.714
36 89 -37.907
36 90 22.697
36 91 -85.5867
36 92 56.1313
36 93 -118.788
36 94 -2.56726
36 95 76.356
36 96 -38.6667
36 97 54.2517
36 98 87.4536
36 99 56.2888
36 100 -16.7406
36 101 -5.69121
36 102 -58.5448
36 103 91.8171
36 104 -60.645
36 105 1.27586
36 106 -45.3818
36 107 7.29523
37 72 -15.0696
37 73 -16.6831
37 74 -53.6543
37 75 31.3276
37 76 112.224
37 77 -84.3387
37 78 -27.709
37 79 -84.6689
37 80 -19.1315
37 81 14.0177
37 82 -56.0216
37 83 -40.6854
37 84 -9.22083
37 85 -28.6845
37 86 81.7298
37 87 77.4063
37 88 -17.9857
37 89 11.773
37 90 33.563
37 91 49.7567
37 92 -9.59907
37 93 67.1943
37 94 -36.6868
37 95 -97.9114
37 96 -48.2816
37 97 -54.6797
37 98 -67.2415
37 99 42.116
37 100 24.3225
37 101 -15.7841
37 102 94.0833
37 103 -35.3414
37 104 47.0962
37 105 -16.7339
37 106 -128.691
37 107 25.5733
38 72 -22.4694
38 73 8.82612
38 74 -102.883
38 75 -16.7705
38 76 -131.912
38 77 -53.0551
38 78 -42.923
38 79 -75.2165
38 80 142.053
38 81 -119.375
38 82 6.3759
38 83 35.8331
38 84 -79.5496
38 85 -14.4578
38 86 -105.281
38 87 -74.6025
38 88 -56.7244
38 89 115.323
38 90 -150.768
38 91 102.683
38 92 87.7956
38 93 -88.5061
38 94 9.13146
38 95 15.7286
38 96 -2.42927
38 97 -10.9031
38 98 21.7949
38 99 130.453
38 100 64.2377
38 101 -8.27019
38 102 58.9309
38 103 24.8972
38 104 86.663
38 105 26.3961
38 106 77.56
38 107 81.7236
39 72 -108.528
39 73 63.3515
39 74 48.874
39 75 -39.9313
39 76 -10.5762
39 77 49.7548
39 78 -12.6988
39 79 -136.692
39 80 82.0746
39 81 8.63221
39 82 -37.6126
39 83 13.962
39 84 66.977
39 85 -101.71
39 86 -1.77673
39 87 26.0081
39 88 6.5516
39 89 42.9296
39 90 -6.139
39 91 11.8724
39 92 14.3361
39 93 15.1536
39 94 -81.2275
39 95 -10.5139
39 96 2.33712
39 97 14.6258
39 98 27.8066
39 99 86.6449
39 100 68.7372
39 101 66.5172
39 102 16.2565
39 103 2.00094
39 104 -33.1522
39 105 60.4236
39 106 -264.022
39 107 -122.934
40 72 -3.87174
40 73 54.8232
40 74 1.95171
40 75 38.5138
40 76 11.6183
40 77 20.0867
40 78 9.27377
40 79 175.876
40 80 -15.9818
40 81 -33.5147
40 82 6.5989
40 83 26.9953
40 84 93.5546
40 85 -73.811
40 86 63.9032
40 87 54.2869
40 88 59.9011
40 89 47.2603
40 90 -24.2912
40 91 90.1069
40 92 -21.459
40 93 -116.947
40 94 -41.8508
40 95 -126.303
40 96 10.2744
40 97 -130.205
40 98 97.4424
40 99 59.2276
40 100 -121.121
40 101 108.372
40 102 -0.920891
40 103 -56.9029
40 104 -120.026
40 105 34.1416
40 106 42.4559
40 107 -78.2864
41 72 31.8307
41 73 -9.64508
41 74 68.8128
41 75 -9.78824
41 76 13.4075
41 77 10.9928
41 78 -75.8695
41 79 21.1763
41 80 62.778
41 81 18.7793
41 82 34.7162
41 83 71.1562
41 84 69.0703
41 85 51.646
41 86 0.49465
41 87 -38.5005
41 88 50.3908
41 89 -6.23226
41 90 -75.5656
41 91 -160.416
41 92 40.5983
41 93 -98.0032
41 94 -195.649
41 95 20.091
41 96 91.7519
41 97 -69.5802
41 98 5.25981
41 99 -69.3198
41 100 10.2312
41 101 -13.6577
41 102 50.47
41 103 -98.3874
41 104 -72.3777
41 105 95.3901
41 106 41.6824
41 107 -48.6315
42 72 -31.0706
42 73 20.7911
42 74 -31.4271
42 75 -57.7706
42 76 85.3563
42 77 -153.422
42 78 -21.7981
42 79 -67.0216
42 80 80.1888
42 81 39.1541
42 82 -50.6537
42 83 30.406
42 84 -136.101
42 85 50.6068
42 86 -23.6226
42 87 -28.0339
42 88 -17.0544
42 89 28.6335
42 90 -6.24049
42 91 -24.9741
42 92 -77.3541
42 93 48.8376
42 94 -75.9101
42 95 -52.5695
42 96 6.22725
42 97 0.267293
42 98 -55.1543
42 99 18.5087
42 100 -2.6317
42 101 12.2608
42 102 87.4678
42 103 136.004
42 104 90.8832
42 105 28.2492
42 106 132.787
42 107 -46.34
43 72 -31.9223
43 73 36.3058
43 74 -81.6997
43 75 -16.8473
43 76 116.886
43 77 22.9478
43 78 -56.0706
43 79 73.8135
43 80 83.2909
43 81 -7.29229
43 82 18.9496
43 83 -34.3968
43 84 28.3424
43 85 17.4012
43 86 -149.298
43 87 -105.752
43 88 65.0562
43 89 -100.344
43 90 26.5355
43 91 31.0672
43 92 27.4758
43 93 44.2296
43 94 33.9316
43 95 -17.2344
43 96 113.852
43 97 -63.5548
43 98 -93.5016
43 99 32.1447
43 100 -11.2514
43 101 -27.5295
43 102 41.1813
43 103 -27.7998
43 104 -16.8598
43 105 33.2642
43 106 -165.875
43 107 31.4921
44 72 -44.7336
44 73 -9.1586
44 74 -12.9333
44 75 101.393
44 76 83.9459
44 77 205.718
44 78 86.4974
44 79 -59.8826
44 80 45.2849
44 81 -13.1543
44 82 -79.0494
44 83 -50.1332
44 84 -55.7597
44 85 -11.1738
44 86 121.528
44 87 -39.1802
44 88 27.7277
44 89 -32.4202
44 90 39.4837
44 91 -102.229
44 92 -57.704
44 93 -123.327
44 94 58.673
44 95 4.66161
44 96 -68.7559
44 97 55.9488
44 98 -3.9508
44 99 3.0657
44 100 5.38787
44 101 -107.364
44 102 -71.1411
44 103 -33.8419
44 104 126.905
44 105 123.151
44 106 -8.0252
44 107 25.46
45 72 93.1844
45 73 -11.3876
45 74 -46.6346
45 75 42.4944
45 76 11.556
45 77 -22.1097
45 78 -60.7397
45 79 -83.6047
45 80 -47.3671
45 81 -71.193
45 82 56.1452
45 83 59.2892
45 84 -157.969
45 85 -23.254
45 86 -3.75577
45 87 -106.499
45 88 17.4376
45 89 79.2138
45 90 -43.7634
45 91 -37.4739
45 92 14.0321
45 93 20.9253
45 94 73.7749
45 95 -47.572
45 96 17.4753
45 97 -74.6233
45 98 11.6384
45 99 67.2248
45 100 70.3188
45 101 -85.0567
45 102 -49.2889
45 103 -47.5268
45 104 -55.9354
45 105 6.75746
45 106 -4.80458
45 107 -91.2069
46 72 5.48009
46 73 3.09127
46 74 -53.3498
46 75 94.0553
46 76 38.8695
46 77 54.642
46 78 0.985591
46 79 -3.32211
46 80 -61.4468
46 81 84.9635
46 82 17.1977
46 83 -34.3389
46 84 56.148
46 85 -150.934
46 86 50.0047
46 87 -98.9209
46 88 30.8563
46 89 38.5013
46 90 -121.822
46 91 -164.413
46 92 35.0919
46 93 -24.4789
46 94 43.2287
46 95 -42.3932
46 96 -38.2959
46 97 -16.8542
46 98 -90.5401
46 99 9.80713
46 100 111.802
46 101 -27.0475
46 102 4.3217
46 103 -52.2205
46 104 91.2444
46 105 -44.8006
46 106 -68.6853
46 107 0.201757
47 72 16.9306
47 73 -20.4982
47 74 14.4065
47 75 -5.01211
47 76 17.4536
47 77 78.3211
47 78 -26.5459
47 79 -11.475
47 80 -44.0415
47 81 -91.3924
47 82 48.4291
47 83 -90.0337
47 84 30.2071
47 85 154.398
47 86 59.8786
47 87 29.3668
47 88 76.684
47 89 -75.1335
47 90 36.9343
47 91 12.3861
47 92 40.6513
47 93 25.5491
47 94 3.82831
47 95 27.2781
47 96 54.5271
47 97 -109.858
47 98 -31.4339
47 99 81.0693
47 100 74.6695
47 101 76.7767
47 102 -25.2025
47 103 99.3865
47 104 -76.9516
47 105 -28.0738
47 106 75.2786
47 107 1.99644
48 72 76.6832
48 73 19.7813
48 74 35.0906
48 75 1.18843
48 76 48.8359
48 77 95.7021
48 78 59.7729
48 79 69.4106
48 80 52.8342
48 81 -32.6622
48 82 -68.0177
48 83 87.945
48 84 67.3646
48 85 -127.774
48 86 -88.6227
48 87 35.7002
48 88 -51.1247
48 89 52.2728
48 90 94.7532
48 91 -64.1183
48 92 -23.6823
48 93 -32.4833
48 94 -92.7457
48 95 157.726
48 96 41.2461
48 97 -70.4434
48 98 -100.327
48 99 68.7224
48 100 163.144
48 101 -40.7764
48 102 -119.899
48 103 89.7052
48 104 60.8403
48 105 7.11062
48 106 71.9776
48 107 -102.98
49 72 -67.0435
49 73 -59.4881
49 74 -6.53686
49 75 -45.9163
49 76 -3.12826
49 77 45.7213
49 78 58.3007
49 79 -68.4042
49 80 -21.9391
49 81 68.363
49 82 16.0164
49 83 160.101
49 84 -98.1402
49 85 35.3841
49 86 -87.0529
49 87 -93.6346
49 88 -119.749
49 89 12.8483
49 90 117.907
49 91 34.9909
49 92 11.1878
49 93 7.71745
49 94 7.45197
49 95 35.9733
49 96 79.4997
49 97 105.991
49 98 -24.0072
49 99 60.3613
49 100 8.93193
49 101 -46.8856
49 102 -96.1672
49 103 49.444
49 104 -101.223
49 105 -56.179
49 106 -25.2239
49 107 -90.989
50 72 -33.3534
50 73 22.2411
50 74 41.3342
50 75 19.3696
50 76 -10.9254
50 77 -56.4769
50 78 -196.781
50 79 30.285
50 80 -95.7546
50 81 25.7339
50 82 71.2493
50 83 15.4902
50 84 24.4163
50 85 -86.3053
50 86 35.0961
50 87 -61.054
50 88 -168.306
50 89 54.519
50 90 27.072
50 91 -35.8723
50 92 -102.988
50 93 70.0166
50 94 27.0483
50 95 116.983
50 96 -31.581
50 97 -136.907
50 98 -25.6393
50 99 21.8532
50 100 73.6856
50 101 26.5988
50 102 -115.107
50 103 23.179
50 104 -174.79
50 105 0.140291
50 106 71.988
50 107 25.9703
51 72 -71.71
51 73 47.8902
51 74 -28.1887
51 75 -127.782
51 76 46.7255
51 77 -13.5436
51 78 59.0078
51 79 -215.119
51 80 -8.28253
51 81 169.413
51 82 57.1088
51 83 27.4288
51 84 52.3074
51 85 -40.4633
51 86 -26.2875
51 87 69.637
51 88 34.0464
51 89 19.0323
51 90 53.8977
51 91 -0.784767
51 92 -37.405
51 93 55.1971
51 94 33.4316
51 95 -10.6539
51 96 -11.6583
51 97 13.1524
51 98 56.3189
51 99 -30.9113
51 100 55.7202
51 101 45.5757
51 102 86.4305
51 103 -40.0529
51 104 -74.6394
51 105 -98.3806
51 106 19.4023
51 107 -109.695
52 72 -27.0057
52 73 134.919
52 74 10.9657
52 75 123.763
52 76 -56.9626
52 77 -3.824
52 78 52.6763
52 79 81.3977
52 80 -49.3961
52 81 129.817
52 82 -1.25437
52 83 -83.4558
52 84 -56.5703
52 85 35.2516
52 86 12.6757
52 87 89.2045
52 88 -51.6361
52 89 37.8902
52 90 72.4809
52 91 -62.7627
52 92 41.128
52 93 74.2239
52 94 -56.5301
52 95 10.3897
52 96 39.795
52 97 -93.6273
52 98 -77.7913
52 99 75.8602
52 100 176.179
52 101 -67.904
52 102 -89.7403
52 103 -81.9071
52 104 -96.6361
52 105 -56.4418
52 106 36.7765
52 107 -82.5849
53 72 -83.0477
53 73 -126.055
53 74 33.9524
53 75 -8.98948
53 76 -9.25133
53 77 39.5228
53 78 79.7197
53 79 -137.579
53 80 125.407
53 81 30.5697
53 82 26.2482
53 83 68.2687
53 84 96.4496
53 85 -7.85116
53 86 37.5601
53 87 75.5848
53 88 -98.363
53 89 -127.356
53 90 21.5872
53 91 133.799
53 92 -100.156
53 93 -66.1105
53 94 45.9018
53 95 74.022
53 96 94.6324
53 97 -40.9658
53 98 -4.20089
53 99 -41.606
53 100 64.6582
53 101 4.12444
53 102 80.6247
53 103 -73.5241
53 104 89.4405
53 105 -65.0603
53 106 -74.9604
53 107 -5.75278
54 72 -111.763
54 73 45.119
54 74 58.6429
54 75 -119.901
54 76 32.4969
54 77 -58.8403
54 78 -47.4587
54 79 -72.0012
54 80 -70.8485
54 81 -42.149
54 82 -83.5502
54 83 -15.8881
54 84 -62.6187
54 85 -41.6503
54 86 42.5958
54 87 -59.2583
54 88 25.3049
54 89 73.8396
54 90 66.7685
54 91 -57.59
54 92 9.13066
54 93 -37.0673
54 94 106.93
54 95 46.8104
54 96 -29.6733
54 97 7.40188
54 98 -91.9657
54 99 150.714
54 100 41.6293
54 101 -83.2693
54 102 15.278
54 103 4.265
54 104 -144.357
54 105 142.602
54 106 -22.7127
54 107 46.4703
55 72 45.1719
55 73 94.7245
55 74 -42.8068
55 75 -30.4814
55 76 30.1833
55 77 -24.3906
55 78 13.6696
55 79 39.4993
55 80 60.1119
55 81 -119.374
55 82 95.9903
55 83 10.0418
55 84 39.5615
55 85 -57.996
55 86 -164.293
55 87 -33.0676
55 88 -44.2179
55 89 -16.8868
55 90 56.5235
55 91 114.932
55 92 4.75875
55 93 32.1696
55 94 21.0166
55 95 52.1496
55 96 33.7767
55 97 -16.9062
55 98 -76.1132
55 99 30.1022
55 100 -89.3687
55 101 40.7419
55 102 57.6156
55 103 14.8794
55 104 6.99816
55 105 -129.579
55 106 -94.9026
55 107 -119.268
56 72 -0.453599
56 73 -107.218
56 74 3.20883
56 75 -100.144
56 76 -131.316
56 77 -33.472
56 78 -29.7092
56 79 -13.546
56 80 -29.782
56 81 -21.0629
56 82 38.3239
56 83 -0.36032
56 84 7.24003
56 85 -27.2834
56 86 54.4925
56 87 -45.2965
56 88 96.9714
56 89 -39.0689
56 90 78.2389
56 91 98.9407
56 92 -58.3133
56 93 51.5119
56 94 11.2412
56 95 -3.12673
56 96 24.1119
56 97 14.7931
56 98 55.4114
56 99 -104.221
56 100 -76.9751
56 101 68.3663
56 102 -5.2763
56 103 -60.1029
56 104 -48.2875
56 105 -120.986
56 106 88.6526
56 107 27.0339
57 72 24.5774
57 73 37.1047
57 74 12.6489
57 75 -53.632
57 76 -24.6403
57 77 98.1525
57 78 -32.6747
57 79 -32.5914
57 80 -47.2721
57 81 -103.27
57 82 -144.908
57 83 10.9173
57 84 32.5893
57 85 18.2115
57 86 92.4564
57 87 96.3757
57 88 -57.6187
57 89 75.8568
57 90 99.2011
57 91 -31.9939
57 92 -112.162
57 93 -23.205
57 94 -42.9903
57 95 -117.65
57 96 -3.4879
57 97 89.7581
57 98 -106.162
57 99 29.9508
57 100 -86.9369
57 101 57.1555
57 102 -4.4553
57 103 -25.0179
57 104 -27.1526
57 105 -36.9973
57 106 41.7399
57 107 260.479
58 72 59.0237
58 73 183.138
58 74 26.471
58 75 -6.09924
58 76 -11.0206
58 77 -56.6289
58 78 56.0868
58 79 -61.2847
58 80 -86.0371
58 81 -47.3711
58 82 38.6654
58 83 81.9781
58 84 33.2604
58 85 -49.2279
58 86 -66.7731
58 87 40.7975
58 88 -74.5458
58 89 74.9199
58 90 -32.0247
58 91 -10.0116
58 92 99.0236
58 93 27.1696
58 94 -7.82083
58 95 -21.2729
58 96 92.4181
58 97 4.04503
58 98 102.535
58 99 -39.0683
58 100 -37.6791
58 101 -39.0914
58 102 -78.1387
58 103 70.714
58 104 -68.6513
58 105 -147.778
58 106 26.5626
58 107 -28.8174
59 72 115.379
59 73 196.546
59 74 136.861
59 75 22.8229
59 76 -53.4726
59 77 -13.7938
59 78 47.6387
59 79 41.7311
59 80 14.9288
59 81 -26.1333
59 82 -72.8936
59 83 46.4993
59 84 -29.0508
59 85 -67.1395
59 86 14.8175
59 87 -137.811
59 88 81.2617
59 89 21.8507
59 90 -28.5044
59 91 -161.861
59 92 -143.07
59 93 -23.8362
59 94 -24.367
59 95 -76.4135
59 96 39.6104
59 97 97.221
59 98 22.3525
59 99 95.4361
59 100 68.2017
59 101 136.131
59 102 28.0695
59 103 -20.5642
59 104 -40.3503
59 105 -64.0732
59 106 -7.5766
59 107 60.1985
60 72 29.6173
60 73 -77.8855
60 74 -18.825
60 75 -21.2805
60 76 -195.477
60 77 -69.9286
60 78 25.1742
60 79 13.4278
60 80 63.0231
60 81 -56.0059
60 82 -9.71395
60 83 -85.0817
60 84 -25.089
60 85 101.34
60 86 -32.616
60 87 -20.9755
60 88 -124.073
60 89 41.0445
60 90 8.45492
60 91 14.4052
60 92 -44.8948
60 93 46.2066
60 94 15.3617
60 95 10.1689
60 96 30.6712
60 97 -5.85779
60 98 80.283
60 99 -50.2784
60 100 -16.6558
60 101 -80.2566
60 102 26.2992
60 103 -16.9578
60 104 12.3217
60 105 6.4427
60 106 -75.0078
60 107 11.9403
61 72 73.9034
61 73 -36.4726
61 74 11.4259
61 75 -71.6937
61 76 52.1691
61 77 -19.2685
61 78 59.6098
61 79 -97.7984
61 80 -65.8693
61 81 -0.673293
61 82 -93.565
61 83 87.9296
61 84 -74.1502
61 85 122.88
61 86 -12.1258
61 87 -34.8751
61 88 -25.4575
61 89 54.184
61 90 -9.70467
61 91 47.8902
61 92 10.329
61 93 91.0492
61 94 -8.13902
61 95 -70.3201
61 96 -60.4637
61 97 -112.904
61 98 61.4342
61 99 18.5297
61 100 -57.9601
61 101 49.9931
61 102 -111.459
61 103 33.8545
61 104 -82.6055
61 105 66.4734
61 106 61.3745
61 107 -0.0807709
62 72 90.0136
62 73 -45.2856
62 74 -46.3736
62 75 -57.2408
62 76 -54.3775
62 77 -25.0673
62 78 -159.904
62 79 -38.9438
62 80 90.7081
62 81 85.5213
62 82 -60.389
62 83 -77.4789
62 84 44.8046
62 85 -139.451
62 86 37.3465
62 87 106.439
62 88 38.9125
62 89 137.825
62 90 -19.2423
62 91 -36.5976
62 92 -39.1501
62 93 52.4111
62 94 -0.457531
62 95 103.138
62 96 -59.8415
62 97 14.3754
62 98 34.0176
62 99 -62.9822
62 100 65.2198
62 101 134.492
62 102 87.3221
62 103 120.187
62 104 -122.087
62 105 -20.5332
62 106 70.2746
62 107 -49.1233
63 72 -56.1998
63 73 -56.9161
63 74 8.1805
63 75 32.9441
63 76 -99.6127
63 77 -1.84048
63 78 12.2154
63 79 -104.918
63 80 -86.7383
63 81 30.5836
63 82 -85.7885
63 83 -63.9464
63 84 -35.0821
63 85 34.4143
63 86 132.714
63 87 142.64
63 88 -20.1538
63 89 64.1041
63 90 -135.913
63 91 8.56772
63 92 -61.4015
63 93 18.1123
63 94 -14.0654
63 95 102.858
63 96 -42.8569
63 97 -80.7462
63 98 -70.192
63 99 -213.768
63 100 -23.6742
63 101 -112.533
63 102 27.8542
63 103 -49.4483
63 104 48.165
63 105 32.9993
63 106 71.1117
63 107 38.1029
64 72 -79.9565
64 73 102.731
64 74 43.1673
64 75 -149.297
64 76 -41.1721
64 77 -39.6296
64 78 46.7455
64 79 -19.6045
64 80 72.6405
64 81 -3.36939
64 82 -71.0569
64 83 -81.4557
64 84 26.2647
64 85 -127.093
64 86 38.7539
64 87 -125.634
64 88 -1.97837
64 89 -6.54173
64 90 -45.457
64 91 48.3939
64 92 45.3191
64 93 -74.4084
64 94 -44.7881
64 95 -84.7693
64 96 72.5661
64 97 81.5125
64 98 -5.12278
64 99 -72.425
64 100 -144.043
64 101 42.324
64 102 19.3732
64 103 -48.9496
64 104 -1.98361
64 105 57.5523
64 106 90.2093
64 107 -1.16569
65 72 77.6912
65 73 -59.9627
65 74 -178.559
65 75 -38.202
65 76 6.1328
65 77 -49.4257
65 78 -28.7875
65 79 23.7355
65 80 123.583
65 81 109.099
65 82 -152.953
65 83 53.5269
65 84 -92.1622
65 85 -4.77297
65 86 -38.6404
65 87 -18.7647
65 88 15.1665
65 89 -10.7431
65 90 13.7707
65 91 -168.635
65 92 65.7491
65 93 5.87494
65 94 56.1788
65 95 -40.5395
65 96 -18.2129
65 97 -63.6112
65 98 -10.8168
65 99 65.2523
65 100 62.0304
65 101 -10.2753
65 102 -80.733
65 103 -33.2252
65 104 25.9496
65 105 94.2265
65 106 28.6104
65 107 33.7548
66 72 -6.59493
66 73 15.0977
66 74 -9.67007
66 75 71.846
66 76 28.4813
66 77 -15.5773
66 78 -74.7059
66 79 53.2121
66 80 31.1477
66 81 -35.5471
66 82 17.1888
66 83 1.35626
66 84 -232.179
66 85 -45.4896
66 86 62.2733
66 87 -82.4986
66 88 -55.5563
66 89 50.8742
66 90 26.5574
66 91 15.9762
66 92 75.5707
66 93 5.91428
66 94 7.88504
66 95 149.79
66 96 -10.3713
66 97 22.1711
66 98 -62.1806
66 99 29.9791
66 100 -10.5499
66 101 -103.962
66 102 32.0319
66 103 43.9174
66 104 8.88527
66 105 -77.8843
66 106 -99.1718
66 107 108.637
67 72 36.7516
67 73 -21.0261
67 74 120.81
67 75 159.997
67 76 -42.3938
67 77 41.8829
67 78 76.4144
67 79 16.2279
67 80 28.7308
67 81 26.3827
67 82 148.868
67 83 -38.5722
67 84 -51.4305
67 85 -12.0354
67 86 -13.7681
67 87 -43.0426
67 88 -19.6021
67 89 76.7212
67 90 95.7285
67 91 -52.9059
67 92 8.94487
67 93 88.919
67 94 0.515896
67 95 48.2427
67 96 -116.653
67 97 0.0825331
67 98 61.9488
67 99 -45.2023
67 100 -2.05774
67 101 26.6185
67 102 6.48472
67 103 34.6525
67 104 60.7741
67 105 19.542
67 106 27.5535
67 107 -90.1515
68 72 53.7005
68 73 -73.7375
68 74 99.5346
68 75 -63.5648
68 76 -14.0532
68 77 -113.123
68 78 76.3294
68 79 44.7559
68 80 -14.9694
68 81 -28.1192
68 82 -104.88
68 83 -35.9736
68 84 -25.6336
68 85 29.9021
68 86 -36.0326
68 87 -14.5331
68 88 58.9563
68 89 -2.07192
68 90 -18.2244
68 91 13.4428
68 92 -23.1854
68 93 93.5854
68 94 -52.6392
68 95 -77.1039
68 96 -42.1492
68 97 21.6126
68 98 -103.678
68 99 47.918
68 100 27.1527
68 101 38.8578
68 102 219.372
68 103 44.9315
68 104 97.9136
68 105 67.9764
68 106 -18.6791
68 107 25.243
69 72 113.795
69 73 -59.8719
69 74 -45.2341
69 75 -14.7207
69 76 -35.7603
69 77 77.4292
69 78 115.709
69 79 -33.1936
69 80 25.2598
69 81 -65.7417
69 82 -2.582
69 83 16.3934
69 84 -48.6284
69 85 -24.6879
69 86 -53.7266
69 87 9.58348
69 88 -23.1187
69 89 -19.2765
69 90 5.35335
69 91 5.54279
69 92 80.8394
69 93 54.3596
69 94 47.9693
69 95 18.4024
69 96 57.6055
69 97 -36.1424
69 98 -10.2715
69 99 33.4389
69 100 87.5824
69 101 -1.09305
69 102 -145.45
69 103 24.6911
69 104 48.0874
69 105 120.078
69 106 54.5094
69 107 -104.211
70 72 -74.4033
70 73 -10.6927
70 74 -76.1363
70 75 22.9579
70 76 85.2046
70 77 -12.779
70 78 -29.7807
70 79 26.8058
70 80 99.8259
70 81 -21.6479
70 82 -8.18723
70 83 4.73811
70 84 79.2942
70 85 -39.928
70 86 -11.2738
70 87 69.2526
70 88 -29.0197
70 89 -91.6627
70 90 -61.1854
70 91 6.94452
70 92 14.0289
70 93 -22.5836
70 94 -53.7766
70 95 -7.46296
70 96 -46.0436
70 97 32.6553
70 98 -56.7521
70 99 -37.5893
70 100 165.168
70 101 -93.8261
70 102 102.637
70 103 27.5368
70 104 -9.06107
70 105 -26.7411
70 106 10.1937
70 107 21.196
71 72 -60.1424
71 73 -103.637
71 74 35.1739
71 75 52.605
71 76 -36.6285
71 77 107.452
71 78 -9.53855
71 79 -107.593
71 80 35.3609
71 81 101.399
71 82 -111.278
71 83 32.1535
71 84 -79.1803
71 85 10.6246
71 86 -0.737197
71 87 70.3139
71 88 -42.1714
71 89 120.047
71 90 45.1421
71 91 136.549
71 92 -72.8604
71 93 19.5758
71 94 -19.491
71 95 44.4614
71 96 17.7767
71 97 31.7343
71 98 114.168
71 99 81.1767
71 100 -41.0817
71 101 81.6778
71 102 45.47
71 103 7.78123
71 104 -118.599
71 105 57.3054
71 106 56.2518
71 107 -18.9468
0 0 -98.7813
1 0 155.121
2 0 -16.0173
3 0 -43.132
4 0 -11.7471
5 0 -21.2665
6 0 -29.7233
7 0 5.06672
8 0 126.74
9 0 67.7242
10 0 68.5257
11 0 17.9973
12 0 18.5141
13 0 101.856
14 0 -29.9764
15 0 -126.127
16 0 32.6774
17 0 100.713
0 1 -3.55594
1 1 38.3608
2 1 70.1971
3 1 41.626
4 1 15.1562
5 1 -66.8672
6 1 -49.948
7 1 -69.849
8 1 198.542
9 1 -92.0939
10 1 -8.32762
11 1 75.7114
12 1 -51.2524
13 1 -74.2204
14 1 -19.575
15 1 149.179
16 1 57.4217
17 1 -43.7268
0 2 -144.77
1 2 37.5597
2 2 32.4899
3 2 -16.3757
4 2 -12.6029
5 2 7.99883
6 2 25.4906
7 2 67.8474
8 2 39.3832
9 2 25.0629
10 2 65.6525
11 2 -53.3141
12 2 -100.499
13 2 -29.6427
14 2 -22.9336
15 2 4.68078
16 2 -68.735
17 2 21.8202
0 3 99.6219
1 3 -23.3201
2 3 81.6916
3 3 69.8641
4 3 -26.4728
5 3 59.0271
6 3 19.1196
7 3 -69.723
8 3 -12.3969
9 3 54.9633
10 3 6.83943
11 3 -15.7504
12 3 8.53072
13 3 -67.5915
14 3 0.949007
15 3 38.0208
16 3 32.3074
17 3 -169.404
0 4 -58.773
1 4 19.1526
2 4 -41.2058
3 4 39.911
4 4 1.95104
5 4 -40.8824
6 4 76.09
7 4 54.4681
8 4 14.5969
9 4 24.8952
10 4 73.1095
11 4 -61.391
12 4 -101.013
13 4 -24.5174
14 4 -24.4924
15 4 -152.072
16 4 -9.84839
17 4 78.6849
0 5 -2.99583
1 5 -115.441
2 5 -34.0289
3 5 30.6548
4 5 84.4429
5 5 -19.8401
6 5 17.3028
7 5 54.9254
8 5 5.07725
9 5 -85.8284
10 5 -38.0015
11 5 -149.811
12 5 -81.9181
13 5 -101.276
14 5 35.5609
15 5 -40.4179
16 5 51.2662
17 5 -23.947
0 6 12.6313
1 6 -55.9632
2 6 -66.3196
3 6 -11.9858
4 6 73.1036
5 6 63.109
6 6 -16.6278
7 6 -11.9806
8 6 15.8151
9 6 7.9154
10 6 -51.2617
11 6 72.7778
12 6 -45.8906
13 6 73.1936
14 6 -84.4601
15 6 110.932
16 6 -46.7244
17 6 -53.6997
0 7 -112.144
1 7 -0.421003
2 7 110.799
3 7 -116.937
4 7 -33.9291
5 7 -67.7975
6 7 71.1608
7 7 -59.5945
8 7 -105.308
9 7 -91.5236
10 7 -67.7269
11 7 52.1248
12 7 40.8565
13 7 -121.118
14 7 31.9054
15 7 69.6388
16 7 82.929
17 7 83.7272
0 8 -3.50026
1 8 -30.7104
2 8 31.2588
3 8 -58.1658
4 8 66.802
5 8 -9.19732
6 8 29.7421
7 8 100.161
8 8 66.5579
9 8 -35.9523
10 8 103.911
11 8 63.4296
12 8 -9.93314
13 8 13.6056
14 8 -64.2748
15 8 100.231
16 8 80.7398
17 8 -7.95004
0 9 -92.2002
1 9 -133.2
2 9 36.0205
3 9 -3.82539
4 9 -24.5741
5 9 -80.8361
6 9 -24.3709
7 9 88.755
8 9 20.5532
9 9 37.2734
10 9 19.6941
11 9 62.2193
12 9 -35.9574
13 9 70.0517
14 9 -36.7027
15 9 83.7906
16 9 69.9918
17 9 -20.9045
0 10 -24.0467
1 10 -24.8059
2 10 -24.7528
3 10 8.96765
4 10 -55.1343
5 10 61.7359
6 10 90.8663
7 10 -16.171
8 10 -19.1221
9 10 61.469
10 10 -64.9844
11 10 -23.0145
12 10 -2.26332
13 10 -24.2931
14 10 -117.954
15 10 -56.8446
16 10 -181.056
17 10 -51.8092
0 11 7.34137
1 11 -2.47545
2 11 -5.27394
3 11 60.7967
4 11 33.6885
5 11 -86.4747
6 11 149.024
7 11 51.8292
8 11 64.6795
9 11 -64.5218
10 11 169.673
11 11 92.352
12 11 65.8682
13 11 36.6446
14 11 -74.4934
15 11 -147.53
16 11 25.8988
17 11 -35.4014
0 12 -68.7254
1 12 -69.642
2 12 -86.23
3 12 56.6515
4 12 -0.791725
5 12 61.7112
6 12 37.5334
7 12 -85.4515
8 12 -35.6495
9 12 -61.3724
10 12 -93.7827
11 12 6.5961
12 12 -7.10369
13 12 46.5834
14 12 47.7246
15 12 0.294592
16 12 -17.0195
17 12 -142.597
0 13 89.6766
1 13 88.1883
2 13 88.843
3 13 82.9307
4 13 62.0408
5 13 52.1846
6 13 58.5002
7 13 -6.86844
8 13 16.6576
9 13 6.5206
10 13 -48.2414
11 13 -69.5577
12 13 26.6631
13 13 -81.385
14 13 12.4272
15 13 -105.814
16 13 10.1005
17 13 12.5584
0 14 -9.19428
1 14 -62.9832
2 14 -53.2156
3 14 -79.1913
4 14 64.9995
5 14 -24.1433
6 14 56.6356
7 14 34.8793
8 14 -94.9268
9 14 13.3584
10 14 135.818
11 14 -164.903
12 14 121.083
13 14 -46.041
14 14 -17.448
15 14 -60.7958
16 14 -20.6922
17 14 -13.4326
0 15 -22.5117
1 15 107.206
2 15 -25.693
3 15 72.7483
4 15 -34.2888
5 15 -9.81609
6 15 -50.2475
7 15 -62.3053
8 15 76.669
9 15 -41.1508
10 15 0.874131
11 15 -14.843
12 15 -111.767
13 15 -113.655
14 15 43.0513
15 15 149.038
16 15 -161.412
17 15 -31.5525
0 16 4.90898
1 16 -94.6541
2 16 -6.0631
3 16 -109.834
4 16 24.9568
5 16 19.5699
6 16 -105.616
7 16 -10.9267
8 16 18.0141
9 16 51.7366
10 16 106.644
11 16 -76.24
12 16 8.3322
13 16 -6.47727
14 16 37.606
15 16 -48.0286
16 16 -12.2791
17 16 19.9591
0 17 115.019
1 17 -149.059
2 17 -29.0984
3 17 9.22818
4 17 -29.5523
5 17 -97.3844
6 17 -67.2738
7 17 4.58678
8 17 -26.9956
9 17 -32.2443
10 17 -75.5949
11 17 -90.7438
12 17 81.6248
13 17 33.4666
14 17 -52.461
15 17 12.3094
16 17 27.5274
17 17 135.126
0 18 -77.6137
1 18 -19.0556
2 18 16.9521
3 18 1.82869
4 18 114.976
5 18 -45.7999
6 18 66.767
7 18 43.7154
8 18 128.489
9 18 -158.599
10 18 90.3702
11 18 34.6626
12 18 98.7183
13 18 -8.85149
14 18 -8.6754
15 18 47.8334
16 18 -7.20882
17 18 -127.738
0 19 -3.28395
1 19 5.51832
2 19 19.0926
3 19 -25.7409
4 19 -154.462
5 19 9.38729
6 19 82.5136
7 19 -105.108
8 19 16.9881
9 19 24.2019
10 19 68.0616
11 19 11.8096
12 19 15.7667
13 19 9.43377
14 19 -23.6722
15 19 93.2241
16 19 19.4847
17 19 -58.1324
0 20 -78.9913
1 20 40.5895
2 20 82.0106
3 20 -30.9211
4 20 37.5834
5 20 73.117
6 20 23.0928
7 20 94.7975
8 20 -120.985
9 20 -64.6812
10 20 16.3549
11 20 148.829
12 20 -5.24637
13 20 -27.8829
14 20 155.221
15 20 -35.6967
16 20 -13.4788
17 20 -34.4278
0 21 -82.3796
1 21 -63.584
2 21 -120.055
3 21 -21.4756
4 21 -62.8761
5 21 -8.3789
6 21 61.3794
7 21 -85.1472
8 21 -93.282
9 21 52.3115
10 21 44.7306
11 21 -30.9018
12 21 43.5574
13 21 -10.7964
14 21 79.3605
15 21 123.954
16 21 110.784
17 21 140.361
0 22 -0.523181
1 22 -95.5932
2 22 -98.871
3 22 36.8324
4 22 41.9945
5 22 -79.9828
6 22 30.023
7 22 -72.4055
8 22 165.827
9 22 47.5266
10 22 -57.8622
11 22 8.17368
12 22 -20.6707
13 22 31.8766
14 22 -36.0848
15 22 -41.2023
16 22 -126.328
17 22 17.7404
0 23 -0.353113
1 23 -39.8984
2 23 94.578
3 23 -91.393
4 23 31.4879
5 23 52.1632
6 23 -15.5323
7 23 71.673
8 23 39.3712
9 23 -13.8383
10 23 -31.7808
11 23 29.6492
12 23 -115.09
13 23 -27.6293
14 23 -90.5569
15 23 -10.8949
16 23 -8.61698
17 23 90.4499
0 24 13.9096
1 24 83.6069
2 24 5.30464
3 24 -27.9886
4 24 -62.9603
5 24 -45.8627
6 24 -32.4188
7 24 -77.3928
8 24 -52.4922
9 24 120.883
10 24 -52.7511
11 24 32.8688
12 24 -57.1462
13 24 -71.9936
14 24 -20.8215
15 24 85.8196
16 24 -1.60189
17 24 35.8875
0 25 -27.7408
1 25 7.0563
2 25 -15.5498
3 25 -64.4498
4 25 -126.265
5 25 69.5476
6 25 122.481
7 25 -6.57133
8 25 -59.8433
9 25 -81.1486
10 25 -27.5521
11 25 67.1925
12 25 -3.62923
13 25 -25.1958
14 25 -48.4107
15 25 65.5654
16 25 -0.0383252
17 25 -23.6355
0 26 -47.0431
1 26 58.6847
2 26 107.245
3 26 59.8865
4 26 46.3073
5 26 18.0542
6 26 -74.3121
7 26 106.521
8 26 -8.15447
9 26 -18.0631
10 26 -52.9792
11 26 -72.887
12 26 25.1158
13 26 41.7395
14 26 -30.7724
15 26 -131.852
16 26 -51.4839
17 26 51.5093
0 27 148.664
1 27 -23.2297
2 27 128.049
3 27 107.369
4 27 -117.955
5 27 -98.6949
6 27 23.3129
7 27 64.3074
8 27 47.9794
9 27 2.39348
10 27 -0.148497
11 27 16.9398
12 27 -10.7058
13 27 54.0403
14 27 -9.17899
15 27 -3.62983
16 27 30.0661
17 27 120.381
0 28 -4.68683
1 28 132.605
2 28 0.969587
3 28 -27.4966
4 28 36.9654
5 28 -20.9616
6 28 -1.3278
7 28 -17.7173
8 28 -2.96417
9 28 44.2314
10 28 25.138
11 28 59.5055
12 28 14.9619
13 28 25.0474
14 28 92.7067
15 28 58.7771
16 28 72.2062
17 28 -68.8555
0 29 -64.687
1 29 62.6832
2 29 14.5833
3 29 -53.9736
4 29 -36.3772
5 29 58.1917
6 29 30.3864
7 29 -44.8856
8 29 -7.47247
9 29 72.3109
10 29 68.3988
11 29 78.0976
12 29 -37.3114
13 29 117.001
14 29 28.9386
15 29 103.642
16 29 146.419
17 29 59.51
0 30 -31.0208
1 30 63.7453
2 30 -75.3418
3 30 18.1892
4 30 17.4949
5 30 39.2201
6 30 -87.7964
7 30 52.9896
8 30 -48.4221
9 30 76.9629
10 30 0.878899
11 30 -37.3205
12 30 23.4414
13 30 20.0843
14 30 17.8824
15 30 18.6246
16 30 123.991
17 30 37.9066
0 31 -22.9493
1 31 -20.4136
2 31 5.23144
3 31 78.6808
4 31 -86.1756
5 31 17.9442
6 31 -53.6717
7 31 178.286
8 31 39.9152
9 31 62.7206
10 31 53.3568
11 31 -120.043
12 31 -87.8195
13 31 -33.3698
14 31 -30.6282
15 31 48.7721
16 31 -95.0714
17 31 -96.0199
0 32 -2.10678
1 32 -83.5656
2 32 -18.2145
3 32 60.3629
4 32 -61.3719
5 32 5.84479
6 32 55.3649
7 32 29.3915
8 32 143.989
9 32 -11.0343
10 32 -18.6309
11 32 171.358
12 32 96.2845
13 32 82.2895
14 32 17.2163
15 32 36.0897
16 32 -19.5583
17 32 -59.7806
0 33 92.517
1 33 -10.5828
2 33 -0.674398
3 33 -16.6855
4 33 -122.131
5 33 -102.971
6 33 0.888815
7 33 19.62
8 33 -12.8064
9 33 -69.8982
10 33 -31.785
11 33 91.5399
12 33 -73.9382
13 33 56.6924
14 33 12.8586
15 33 -119.926
16 33 65.9356
17 33 -87.2964
0 34 -3.06528
1 34 64.7352
2 34 113.829
3 34 14.1838
4 34 -37.6398
5 34 -71.599
6 34 34.6216
7 34 -163.963
8 34 -188.777
9 34 -94.5081
10 34 -2.75634
11 34 36.4762
12 34 -44.736
13 34 -54.5272
14 34 14.2522
15 34 -23.3489
16 34 -55.8285
17 34 -183.839
0 35 132.439
1 35 202.694
2 35 17.7747
3 35 34.723
4 35 -13.0474
5 35 -115.985
6 35 91.5093
7 35 -41.322
8 35 99.9563
9 35 -12.2814
10 35 -69.4263
11 35 -65.09
12 35 -7.612
13 35 73.0579
14 35 53.0469
15 35 -24.1533
16 35 115.702
17 35 -57.1622
108 112 -32.2038
108 113 -63.5351
108 114 -140.777
108 115 -96.1679
109 112 -55.2806
109 113 11.7052
109 114 -7.66412
109 115 -113.466
110 112 -19.794
110 113 13.4467
110 114 101.228
110 115 -71.6498
111 112 -51.2161
111 113 -37.9795
111 114 29.2962
111 115 -6.84046
0 108 -147.007
1 108 -58.4889
2 108 48.6028
3 108 4.95211
4 108 -116.912
5 108 -27.5464
6 108 -53.8462
7 108 -46.9582
8 108 -2.29219
9 108 -42.7925
10 108 -26.5325
11 108 51.6876
12 108 -12.7116
13 108 -37.0441
14 108 11.0351
15 108 83.8574
16 108 -52.8517
17 108 -56.1238
0 109 10.4749
1 109 18.3926
2 109 177.247
3 109 -125.763
4 109 59.1327
5 109 109.062
6 109 -54.275
7 109 -32.9487
8 109 -14.2058
9 109 -17.5583
10 109 -23.7912
11 109 120.068
12 109 90.4859
13 109 77.8234
14 109 58.4813
15 109 54.1022
16 109 -32.8053
17 109 85.5986
0 110 -41.8671
1 110 5.2112
2 110 -50.6782
3 110 31.7602
4 110 -77.3331
5 110 58.5131
6 110 -111.369
7 110 -32.4842
8 110 -46.5843
9 110 139.465
10 110 145.544
11 110 -142.997
12 110 109.105
13 110 -8.24337
14 110 6.55769
15 110 -66.3917
16 110 18.703
17 110 -37.5805
0 111 63.9391
1 111 14.1199
2 111 -48.6588
3 111 100.892
4 111 -77.0197
5 111 -174.907
6 111 -39.6878
7 111 -73.0609
8 111 75.2232
9 111 -60.3686
10 111 42.4792
11 111 -79.7072
12 111 -42.3938
13 111 38.447
14 111 54.714
15 111 -107.305
16 111 2.96568
17 111 75.7373
