soma 116
SIGMOID
SIGMOID
SIGMOID
SIGMOID
SIGMOID
SIGMOID
SIGMOID
SIGMOID
SIGMOID
SIGMOID
SIGMOID
SIGMOID
SIGMOID
SIGMOID
SIGMOID
SIGMOID
SIGMOID
SIGMOID
SIGMOID
SIGMOID
SIGMOID
SIGMOID
SIGMOID
SIGMOID
SIGMOID
SIGMOID
SIGMOID
SIGMOID
SIGMOID
SIGMOID
SIGMOID
SIGMOID
SIGMOID
SIGMOID
SIGMOID
SIGMOID
SIGMOID
SIGMOID
SIGMOID
SIGMOID
SIGMOID
SIGMOID
SIGMOID
SIGMOID
SIGMOID
SIGMOID
SIGMOID
SIGMOID
SIGMOID
SIGMOID
SIGMOID
SIGMOID
SIGMOID
SIGMOID
SIGMOID
SIGMOID
SIGMOID
SIGMOID
SIGMOID
SIGMOID
SIGMOID
SIGMOID
SIGMOID
SIGMOID
SIGMOID
SIGMOID
SIGMOID
SIGMOID
SIGMOID
SIGMOID
SIGMOID
SIGMOID
SIGMOID
SIGMOID
SIGMOID
SIGMOID
SIGMOID
SIGMOID
SIGMOID
SIGMOID
SIGMOID
SIGMOID
SIGMOID
SIGMOID
SIGMOID
SIGMOID
SIGMOID
SIGMOID
SIGMOID
SIGMOID
SIGMOID
SIGMOID
SIGMOID
SIGMOID
SIGMOID
SIGMOID
SIGMOID
SIGMOID
SIGMOID
SIGMOID
SIGMOID
SIGMOID
SIGMOID
SIGMOID
SIGMOID
SIGMOID
SIGMOID
SIGMOID
SIGMOID
SIGMOID
SIGMOID
SIGMOID
GAUSSIAN
GAUSSIAN
GAUSSIAN
18 0 1 2 3 4 5 6 7 8 9 10 11 12 13 14 15 16 17
# input_soma output_soma weight
synapse 3328
0 36 -23.0124
0 37 68.0468
0 38 -41.0417
0 39 -2.49742
0 40 21.7641
0 41 -37.3851
0 42 -45.8796
0 43 -64.5167
0 44 -30.7232
0 45 -20.3663
0 46 20.261
0 47 11.1748
0 48 18.8739
0 49 -42.3355
0 50 -65.4717
0 51 33.5972
0 52 8.20862
0 53 -3.54072
0 54 48.5988
0 55 70.2544
0 56 -23.2817
0 57 -13.8672
0 58 -8.66203
0 59 -17.7551
0 60 -24.4178
0 61 26.4529
0 62 36.6383
0 63 11.227
0 64 -12.9154
0 65 -45.4377
0 66 -24.3204
0 67 -25.1675
0 68 3.2706
0 69 -30.1176
0 70 5.30669
0 71 12.7945
1 36 -14.1008
1 37 -34.8433
1 38 -10.4946
1 39 39.6024
1 40 -15.0273
1 41 -10.7308
1 42 -20.576
1 43 -19.4362
1 44 11.2928
1 45 -53.575
1 46 -42.6268
1 47 35.9459
1 48 18.9835
1 49 -26.5271
1 50 4.46843
1 51 -1.14213
1 52 -30.8567
1 53 -5.46161
1 54 -30.7977
1 55 11.7786
1 56 -52.7877
1 57 -12.5184
1 58 8.66639
1 59 1.54727
1 60 23.2787
1 61 -4.11077
1 62 10.5633
1 63 66.9781
1 64 22.9836
1 65 -21.5217
1 66 -26.5466
1 67 -23.6885
1 68 -0.637162
1 69 5.00588
1 70 -29.2164
1 71 11.8978
2 36 11.9475
2 37 29.2627
2 38 -15.2825
2 39 11.1962
2 40 -9.11227
2 41 2.90077
2 42 -14.8454
2 43 -24.3756
2 44 -48.1022
2 45 8.07403
2 46 -29.3006
2 47 -3.77642
2 48 -13.7536
2 49 -10.3751
2 50 23.5589
2 51 39.4857
2 52 9.91847
2 53 -23.0921
2 54 16.2169
2 55 55.3399
2 56 10.8454
2 57 -39.1732
2 58 -11.019
2 59 10.3425
2 60 -6.78867
2 61 40.7671
2 62 -58.6493
2 63 47.803
2 64 -27.8297
2 65 -27.5033
2 66 -3.14725
2 67 0.338086
2 68 -1.22597
2 69 -17.1751
2 70 -37.8414
2 71 -11.9368
3 36 52.1591
3 37 -12.0126
3 38 18.3285
3 39 -9.73019
3 40 0.272452
3 41 42.0546
3 42 6.70177
3 43 14.8494
3 44 7.06206
3 45 5.55308
3 46 1.29849
3 47 -20.2952
3 48 -3.27053
3 49 -7.87477
3 50 -54.7655
3 51 -37.0405
3 52 51.619
3 53 -46.1615
3 54 4.54071
3 55 24.5639
3 56 26.4187
3 57 36.1646
3 58 23.3383
3 59 -10.5692
3 60 -10.3885
3 61 38.8832
3 62 3.45524
3 63 -22.0873
3 64 -62.2385
3 65 50.8772
3 66 16.1728
3 67 -0.261134
3 68 -7.39831
3 69 8.96863
3 70 44.1722
3 71 -29.796
4 36 -15.0257
4 37 -23.2893
4 38 9.58825
4 39 -28.6644
4 40 17.2339
4 41 61.5255
4 42 24.3012
4 43 -39.4566
4 44 -12.9728
4 45 4.02654
4 46 -67.1951
4 47 30.5643
4 48 -55.132
4 49 -23.2853
4 50 -57.4624
4 51 -16.4006
4 52 55.353
4 53 10.8143
4 54 31.018
4 55 43.9467
4 56 -32.7726
4 57 8.02363
4 58 -23.8337
4 59 -29.5631
4 60 50.4151
4 61 20.5767
4 62 -6.76892
4 63 8.57373
4 64 -1.86338
4 65 32.2179
4 66 3.14391
4 67 110.925
4 68 4.52344
4 69 9.15979
4 70 31.5221
4 71 -10.6984
5 36 51.2592
5 37 -17.9077
5 38 -0.555882
5 39 19.4101
5 40 -20.0784
5 41 -6.08375
5 42 1.20619
5 43 -70.1501
5 44 -51.4683
5 45 -2.35861
5 46 21.5227
5 47 -42.0105
5 48 12.3878
5 49 5.29718
5 50 -3.48771
5 51 55.4398
5 52 14.91
5 53 2.16875
5 54 17.7045
5 55 -22.9458
5 56 -19.5769
5 57 -25.79
5 58 31.6451
5 59 -14.7158
5 60 -12.1728
5 61 -17.0575
5 62 -19.0693
5 63 -29.0972
5 64 -74.5608
5 65 -52.857
5 66 -8.07871
5 67 -3.88022
5 68 -21.0357
5 69 -41.1147
5 70 57.5964
5 71 -5.59794
6 36 -4.50426
6 37 1.68797
6 38 -38.119
6 39 -50.2607
6 40 -17.8267
6 41 -94.3332
6 42 19.9786
6 43 -5.97875
6 44 -15.5158
6 45 -49.6614
6 46 -31.7585
6 47 16.0276
6 48 -2.8941
6 49 58.0456
6 50 4.52645
6 51 -14.0294
6 52 -5.58741
6 53 4.43464
6 54 5.04254
6 55 4.42735
6 56 -7.58827
6 57 -6.8082
6 58 -68.4797
6 59 0.156078
6 60 4.21127
6 61 27.893
6 62 37.4363
6 63 -24.8835
6 64 1.81926
6 65 17.8749
6 66 -49.527
6 67 18.144
6 68 -28.9341
6 69 -23.7573
6 70 15.6807
6 71 31.6775
7 36 -12.0173
7 37 52.5859
7 38 -11.5663
7 39 -33.9129
7 40 -47.6195
7 41 -36.2755
7 42 16.1681
7 43 -41.9957
7 44 14.5712
7 45 33.587
7 46 33.7946
7 47 -13.5392
7 48 3.85392
7 49 -8.26199
7 50 -35.1891
7 51 9.10929
7 52 -3.94562
7 53 25.2091
7 54 -10.3628
7 55 -1.7151
7 56 -44.3451
7 57 10.9811
7 58 23.5296
7 59 20.5511
7 60 -0.930298
7 61 25.9931
7 62 23.5949
7 63 -42.9891
7 64 -2.91123
7 65 5.9544
7 66 21.3413
7 67 -19.6617
7 68 2.0489
7 69 56.3947
7 70 -5.67232
7 71 -46.8248
8 36 44.4989
8 37 14.0406
8 38 24.9255
8 39 5.23744
8 40 61.43
8 41 12.4984
8 42 -7.80008
8 43 -5.82349
8 44 21.5644
8 45 47.1216
8 46 30.3287
8 47 3.38938
8 48 1.34983
8 49 8.98257
8 50 6.02797
8 51 37.2906
8 52 -38.9672
8 53 -7.26153
8 54 10.0005
8 55 0.240051
8 56 -12.7096
8 57 -34.6509
8 58 -0.889916
8 59 75.5631
8 60 31.5538
8 61 20.608
8 62 37.4029
8 63 -18.1373
8 64 63.7128
8 65 23.2819
8 66 -4.80606
8 67 42.6977
8 68 40.8244
8 69 28.5187
8 70 21.1263
8 71 -42.6317
9 36 9.74583
9 37 -25.9471
9 38 63.0732
9 39 0.355866
9 40 -9.33626
9 41 -3.35439
9 42 14.2709
9 43 -36.1325
9 44 -33.9992
9 45 -28.3971
9 46 9.13542
9 47 -45.0816
9 48 -11.309
9 49 -10.8483
9 50 30.7117
9 51 -13.9156
9 52 11.3046
9 53 -8.74084
9 54 2.54794
9 55 -28.7359
9 56 -21.892
9 57 -27.6746
9 58 18.1042
9 59 8.28941
9 60 -8.23548
9 61 55.0172
9 62 10.2147
9 63 -57.5497
9 64 29.6642
9 65 22.8953
9 66 6.06226
9 67 6.2988
9 68 -29.3836
9 69 12.7827
9 70 -8.08382
9 71 -13.4843
10 36 -5.06862
10 37 -3.48856
10 38 -27.1835
10 39 -13.1978
10 40 25.9857
10 41 15.8238
10 42 57.0512
10 43 -4.06005
10 44 45.612
10 45 22.924
10 46 -0.23291
10 47 30.274
10 48 -16.4707
10 49 -0.679195
10 50 13.2821
10 51 -8.64407
10 52 11.5189
10 53 23.9007
10 54 62.4725
10 55 -10.3481
10 56 10.2198
10 57 -22.5223
10 58 48.1777
10 59 -13.3631
10 60 20.5083
10 61 40.7366
10 62 -19.9379
10 63 -52.2037
10 64 4.27952
10 65 6.54096
10 66 39.3533
10 67 -33.9867
10 68 10.5156
10 69 11.3016
10 70 -48.1215
10 71 48.0543
11 36 18.9545
11 37 -43.8173
11 38 -2.8123
11 39 -13.0466
11 40 1.71725
11 41 0.06235
11 42 0.346266
11 43 -0.685939
11 44 61.2896
11 45 0.917708
11 46 47.6672
11 47 47.2603
11 48 1.69453
11 49 38.4049
11 50 -12.5549
11 51 -24.2226
11 52 14.2212
11 53 8.02621
11 54 -8.03185
11 55 -21.2585
11 56 34.1237
11 57 -9.46384
11 58 -57.6741
11 59 -23.372
11 60 -17.9615
11 61 -11.905
11 62 14.1224
11 63 -6.89793
11 64 -21.5526
11 65 -3.9763
11 66 20.4151
11 67 33.5326
11 68 29.0578
11 69 13.6099
11 70 0.0384364
11 71 -0.125232
12 36 9.17142
12 37 67.1847
12 38 29.802
12 39 -1.93919
12 40 27.627
12 41 -11.4714
12 42 -29.6057
12 43 -18.9992
12 44 23.3195
12 45 25.3657
12 46 -50.9817
12 47 -7.85565
12 48 8.82681
12 49 -30.0283
12 50 21.637
12 51 -41.3643
12 52 -4.60234
12 53 2.20315
12 54 -12.4117
12 55 -42.2896
12 56 -35.6475
12 57 37.9566
12 58 20.8938
12 59 -28.0139
12 60 -35.3451
12 61 -14.504
12 62 -14.5096
12 63 19.2685
12 64 80.8669
12 65 11.1032
12 66 12.621
12 67 -32.1042
12 68 -24.8046
12 69 2.26645
12 70 32.6728
12 71 13.3101
13 36 -44.3714
13 37 1.04201
13 38 -19.0686
13 39 -57.859
13 40 -26.1038
13 41 16.0281
13 42 11.3374
13 43 -19.761
13 44 3.11483
13 45 -0.249934
13 46 -12.9273
13 47 24.472
13 48 -17.3456
13 49 9.10093
13 50 -10.9112
13 51 24.3583
13 52 16.7902
13 53 -25.4446
13 54 -36.6418
13 55 -47.277
13 56 -24.1863
13 57 -4.98918
13 58 -17.4871
13 59 14.6483
13 60 -31.2016
13 61 -4.12343
13 62 4.29852
13 63 16.0761
13 64 -5.0994
13 65 10.2778
13 66 -3.33199
13 67 -58.5965
13 68 57.003
13 69 -63.5317
13 70 -7.50483
13 71 6.0948
14 36 -35.476
14 37 41.898
14 38 30.036
14 39 -4.03147
14 40 -35.6041
14 41 -32.6801
14 42 0.150767
14 43 -44.3228
14 44 27.949
14 45 -34.1198
14 46 -32.9994
14 47 18.3552
14 48 8.78699
14 49 -25.1336
14 50 3.14238
14 51 -51.0315
14 52 -1.50695
14 53 -8.37919
14 54 -12.2503
14 55 -61.998
14 56 46.2203
14 57 37.411
14 58 -0.412813
14 59 70.9369
14 60 -17.8774
14 61 16.3928
14 62 18.5767
14 63 -53.103
14 64 10.7185
14 65 75.0536
14 66 53.7304
14 67 15.3922
14 68 -26.9596
14 69 -12.6421
14 70 -33.3825
14 71 -40.7459
15 36 33.5233
15 37 0.839636
15 38 -18.7906
15 39 -84.4854
15 40 33.7
15 41 25.9195
15 42 9.2122
15 43 27.0618
15 44 -2.29504
15 45 22.3322
15 46 -58.1544
15 47 40.6639
15 48 2.31333
15 49 27.2698
15 50 10.6051
15 51 -28.254
15 52 11.7197
15 53 5.88752
15 54 42.9011
15 55 13.7765
15 56 -7.55072
15 57 -26.5672
15 58 22.2679
15 59 -13.9039
15 60 -22.0017
15 61 -15.9847
15 62 19.0903
15 63 -10.0281
15 64 14.1237
15 65 21.3526
15 66 -2.69153
15 67 -8.11141
15 68 10.9252
15 69 -35.814
15 70 51.7562
15 71 -27.9472
16 36 7.29445
16 37 -12.336
16 38 -6.13161
16 39 -3.84184
16 40 54.4899
16 41 -47.8333
16 42 -35.0762
16 43 -16.6907
16 44 19.3058
16 45 43.1133
16 46 24.4529
16 47 82.8293
16 48 -20.9995
16 49 -12.5757
16 50 4.79861
16 51 -24.7152
16 52 -24.4655
16 53 -17.6511
16 54 36.9901
16 55 -6.57349
16 56 17.0834
16 57 -10.1085
16 58 18.6281
16 59 -28.2128
16 60 7.36064
16 61 2.59666
16 62 2.28955
16 63 -41.43
16 64 2.08572
16 65 -16.1725
16 66 -28.4336
16 67 34.2428
16 68 -34.1288
16 69 42.5977
16 70 -10.6238
16 71 29.4366
17 36 -38.802
17 37 13.168
17 38 6.41114
17 39 22.5687
17 40 53.6927
17 41 2.58093
17 42 34.6891
17 43 7.95157
17 44 41.3498
17 45 0.772273
17 46 -20.5838
17 47 9.92308
17 48 66.8533
17 49 0.848361
17 50 23.9708
17 51 -2.69047
17 52 2.72001
17 53 -23.5885
17 54 26.995
17 55 15.4027
17 56 -12.5549
17 57 10.0319
17 58 26.0217
17 59 -22.8163
17 60 -1.31243
17 61 53.4198
17 62 18.4942
17 63 -13.4379
17 64 -15.0865
17 65 -28.2555
17 66 12.5831
17 67 -21.8862
17 68 36.7573
17 69 -86.1648
17 70 -23.5293
17 71 -13.6665
18 36 26.3206
18 37 -28.7661
18 38 -11.5741
18 39 20.3338
18 40 -29.427
18 41 38.5289
18 42 -22.3747
18 43 -51.5463
18 44 22.2307
18 45 -27.3809
18 46 1.49971
18 47 9.04488
18 48 12.0965
18 49 -7.93851
18 50 -67.8987
18 51 21.5453
18 52 -38.4398
18 53 37.6476
18 54 14.1143
18 55 17.582
18 56 55.1814
18 57 13.7754
18 58 -41.6612
18 59 17.2273
18 60 5.68553
18 61 6.42827
18 62 2.99027
18 63 -14.0836
18 64 18.8374
18 65 -2.10285
18 66 -19.0451
18 67 -4.92399
18 68 16.9386
18 69 -7.35572
18 70 -39.4643
18 71 -4.51915
19 36 -0.0608855
19 37 -25.2109
19 38 -5.16342
19 39 -7.16006
19 40 33.6072
19 41 -19.6022
19 42 22.5886
19 43 5.28119
19 44 13.2936
19 45 30.1155
19 46 2.36274
19 47 -10.2244
19 48 27.8068
19 49 -22.3006
19 50 -10.4092
19 51 16.1693
19 52 -39.0024
19 53 -10.006
19 54 28.2325
19 55 -0.390302
19 56 -23.8631
19 57 -25.3139
19 58 48.3193
19 59 -10.0413
19 60 29.5064
19 61 33.7486
19 62 4.36235
19 63 -11.8716
19 64 21.0036
19 65 12.9515
19 66 -22.9853
19 67 12.408
19 68 5.1925
19 69 4.70886
19 70 1.84794
19 71 -17.397
20 36 -62.4895
20 37 6.29773
20 38 8.07092
20 39 -43.1769
20 40 27.5416
20 41 20.9048
20 42 20.5996
20 43 7.54966
20 44 25.1026
20 45 36.7161
20 46 -8.57632
20 47 -8.04938
20 48 20.4561
20 49 62.6315
20 50 0.753207
20 51 -45.1009
20 52 32.319
20 53 39.026
20 54 -61.4572
20 55 -23.2434
20 56 -17.1082
20 57 26.3373
20 58 -30.4646
20 59 -48.249
20 60 -9.0528
20 61 11.6656
20 62 18.3732
20 63 -35.1801
20 64 -18.2181
20 65 10.0448
20 66 -26.6397
20 67 43.555
20 68 40.2338
20 69 -29.4035
20 70 -10.7857
20 71 12.2265
21 36 -35.0901
21 37 -5.57192
21 38 38.6764
21 39 -26.2797
21 40 21.6388
21 41 26.8544
21 42 50.1936
21 43 -1.86868
21 44 10.4937
21 45 -14.786
21 46 -43.3341
21 47 -29.2663
21 48 -3.92748
21 49 30.8529
21 50 6.98649
21 51 -25.0979
21 52 16.2899
21 53 -27.6168
21 54 40.5191
21 55 63.1913
21 56 -12.8545
21 57 -60.491
21 58 12.0489
21 59 17.4801
21 60 34.009
21 61 -63.9874
21 62 -2.11001
21 63 33.1145
21 64 -10.3108
21 65 -39.0894
21 66 5.78341
21 67 -6.803
21 68 -29.5116
21 69 -54.7451
21 70 -41.6031
21 71 1.35429
22 36 -38.0443
22 37 -56.5968
22 38 85.5294
22 39 14.8876
22 40 57.7897
22 41 28.5227
22 42 -34.3676
22 43 6.49418
22 44 12.6282
22 45 -5.86118
22 46 20.7543
22 47 -74.2851
22 48 20.504
22 49 -10.715
22 50 3.49431
22 51 10.8395
22 52 -29.1089
22 53 4.03564
22 54 -24.5237
22 55 -16.8877
22 56 36.956
22 57 -2.33859
22 58 -17.7227
22 59 2.19536
22 60 -7.25838
22 61 10.5378
22 62 -3.7468
22 63 8.36574
22 64 -3.90383
22 65 5.4652
22 66 -21.8686
22 67 -18.6475
22 68 -30.4406
22 69 -6.96083
22 70 -44.4754
22 71 16.3936
23 36 1.98901
23 37 -19.923
23 38 -36.9421
23 39 6.75537
23 40 0.316175
23 41 -39.4766
23 42 12.1883
23 43 -37.746
23 44 -21.1702
23 45 28.4644
23 46 -17.5855
23 47 2.09856
23 48 -62.9326
23 49 -56.0642
23 50 31.9348
23 51 -43.4601
23 52 -13.11
23 53 13.8927
23 54 -13.0725
23 55 7.94911
23 56 -38.0093
23 57 -22.0306
23 58 17.554
23 59 20.1709
23 60 22.172
23 61 -17.8374
23 62 -20.4277
23 63 -6.72002
23 64 7.48358
23 65 10.2903
23 66 -36.6998
23 67 -34.2108
23 68 5.40178
23 69 11.9075
23 70 -22.9655
23 71 1.10412
24 36 -9.22924
24 37 -4.15301
24 38 -9.53821
24 39 23.0544
24 40 -6.13978
24 41 45.4402
24 42 42.7975
24 43 -16.5125
24 44 1.69135
24 45 3.94872
24 46 -5.37751
24 47 31.6594
24 48 -5.5685
24 49 -0.893185
24 50 18.4394
24 51 -6.6154
24 52 -37.8516
24 53 39.6792
24 54 8.00868
24 55 -40.6277
24 56 10.8524
24 57 67.8265
24 58 5.68256
24 59 30.1539
24 60 17.1824
24 61 9.80185
24 62 -18.7216
24 63 -6.4521
24 64 -11.0649
24 65 -1.27089
24 66 -16.288
24 67 -13.4463
24 68 -62.7966
24 69 45.6077
24 70 -6.83674
24 71 8.23042
25 36 15.9309
25 37 -2.49052
25 38 6.05125
25 39 29.1877
25 40 47.1387
25 41 34.9382
25 42 -42.1587
25 43 -30.8276
25 44 4.22275
25 45 -25.2406
25 46 9.79005
25 47 37.1515
25 48 60.4306
25 49 2.22962
25 50 -6.35713
25 51 57.6518
25 52 -6.3902
25 53 -19.4287
25 54 -9.62263
25 55 1.21328
25 56 24.4551
25 57 42.3316
25 58 -58.6977
25 59 -9.22095
25 60 2.72807
25 61 7.53886
25 62 27.7133
25 63 33.9271
25 64 -17.0449
25 65 -41.6618
25 66 3.68068
25 67 -2.28751
25 68 23.2855
25 69 -8.5327
25 70 -2.3409
25 71 -44.8386
26 36 45.061
26 37 2.68272
26 38 13.2835
26 39 -19.1677
26 40 -57.7635
26 41 -23.343
26 42 14.1048
26 43 -11.124
26 44 -1.48819
26 45 -5.75883
26 46 -38.6975
26 47 0.674334
26 48 15.8197
26 49 1.6686
26 50 27.3766
26 51 36.128
26 52 -25.9125
26 53 -2.70885
26 54 -35.3128
26 55 14.1391
26 56 4.98178
26 57 2.14147
26 58 -21.8528
26 59 -15.4197
26 60 -1.1016
26 61 17.0666
26 62 43.2505
26 63 -23.218
26 64 22.5412
26 65 5.58517
26 66 3.60416
26 67 -38.9035
26 68 -18.8103
26 69 31.2089
26 70 11.8428
26 71 34.5024
27 36 18.1989
27 37 -2.18228
27 38 5.66314
27 39 -18.2487
27 40 -55.1269
27 41 -45.3252
27 42 7.59149
27 43 -8.54359
27 44 8.38887
27 45 -47.1593
27 46 10.8868
27 47 7.07795
27 48 14.7689
27 49 -15.7096
27 50 -10.8801
27 51 0.69596
27 52 -38.5177
27 53 2.76056
27 54 12.9045
27 55 44.4667
27 56 -66.4431
27 57 -18.0946
27 58 21.2848
27 59 -12.1178
27 60 -19.1042
27 61 16.524
27 62 43.6032
27 63 25.499
27 64 10.1764
27 65 44.2014
27 66 20.595
27 67 35.8411
27 68 16.7094
27 69 -12.5023
27 70 16.6523
27 71 1.8594
28 36 1.63663
28 37 38.5766
28 38 -2.20802
28 39 -35.2941
28 40 7.05835
28 41 -72.9693
28 42 -29.5403
28 43 46.4857
28 44 5.69001
28 45 -1.46128
28 46 -55.9746
28 47 0.849945
28 48 56.7264
28 49 11.2349
28 50 46.5366
28 51 -8.24956
28 52 14.3987
28 53 30.034
28 54 3.72804
28 55 30.471
28 56 12.7084
28 57 0.513652
28 58 -1.8624
28 59 -20.1853
28 60 -8.04254
28 61 -23.4603
28 62 2.75914
28 63 10.3305
28 64 -17.5195
28 65 -6.75476
28 66 -6.71698
28 67 -4.13993
28 68 56.5709
28 69 -1.87321
28 70 9.57655
28 71 31.8381
29 36 -12.844
29 37 -22.284
29 38 -35.2523
29 39 -3.79235
29 40 24.4759
29 41 5.33112
29 42 -13.2236
29 43 -9.77221
29 44 -29.4104
29 45 19.7114
29 46 43.5077
29 47 -1.85244
29 48 -21.4168
29 49 44.3686
29 50 -24.1692
29 51 24.3289
29 52 37.4045
29 53 -16.9887
29 54 0.233739
29 55 25.9759
29 56 28.6774
29 57 12.541
29 58 -18.3578
29 59 49.4307
29 60 -34.3169
29 61 -34.4295
29 62 25.0956
29 63 -23.0691
29 64 -44.0016
29 65 23.6349
29 66 29.5351
29 67 38.9734
29 68 -3.96801
29 69 -4.56874
29 70 -27.2746
29 71 -15.3858
30 36 38.6378
30 37 -4.02344
30 38 -5.75747
30 39 0.504273
30 40 -3.1155
30 41 16.0541
30 42 -16.1412
30 43 -37.8169
30 44 -19.8422
30 45 -23.5872
30 46 -0.233584
30 47 -55.4858
30 48 -20.4202
30 49 -21.7295
30 50 -10.5616
30 51 -64.1573
30 52 -8.98365
30 53 -50.8645
30 54 -6.41773
30 55 -26.4807
30 56 -25.3429
30 57 -0.618457
30 58 3.76881
30 59 41.0246
30 60 -25.9215
30 61 -24.2187
30 62 38.3966
30 63 31.186
30 64 -4.6772
30 65 -15.7247
30 66 -9.21059
30 67 -34.1705
30 68 12.8635
30 69 74.9562
30 70 -64.8357
30 71 -7.65379
31 36 -41.0907
31 37 9.57298
31 38 33.0593
31 39 18.2477
31 40 10.3182
31 41 0.0149019
31 42 -15.6216
31 43 32.678
31 44 -59.1171
31 45 48.5174
31 46 -31.4999
31 47 6.61049
31 48 -43.4827
31 49 -0.849604
31 50 35.6859
31 51 10.9627
31 52 -34.9735
31 53 18.2986
31 54 -76.0145
31 55 -30.67
31 56 13.7963
31 57 81.5146
31 58 11.6942
31 59 -37.116
31 60 -44.8039
31 61 -34.3925
31 62 -6.92986
31 63 -1.59692
31 64 24.0716
31 65 25.5905
31 66 30.9078
31 67 -19.1616
31 68 4.32473
31 69 37.6149
31 70 -35.2356
31 71 -3.38462
32 36 19.9007
32 37 -10.2692
32 38 12.1204
32 39 36.4138
32 40 -32.697
32 41 45.1883
32 42 -27.3505
32 43 -6.46867
32 44 32.9656
32 45 -0.224041
32 46 -23.9685
32 47 21.9731
32 48 -22.5866
32 49 6.95922
32 50 4.98379
32 51 45.961
32 52 -4.06659
32 53 0.121968
32 54 -17.6135
32 55 -36.7544
32 56 28.5877
32 57 44.7682
32 58 8.60917
32 59 5.1358
32 60 26.5694
32 61 21.1833
32 62 2.03465
32 63 36.1759
32 64 -15.9662
32 65 -48.2919
32 66 72.8102
32 67 -43.4542
32 68 -55.8129
32 69 24.5379
32 70 -12.8646
32 71 13.1304
33 36 -22.0641
33 37 24.0555
33 38 6.09772
33 39 -19.3644
33 40 -7.59387
33 41 -35.883
33 42 -4.71766
33 43 -42.5145
33 44 -26.728
33 45 28.9212
33 46 22.5248
33 47 -92.156
33 48 -3.79884
33 49 -15.5806
33 50 -16.3736
33 51 33.6021
33 52 -49.8504
33 53 -38.1133
33 54 64.8939
33 55 7.05615
33 56 13.7067
33 57 38.0765
33 58 -21.6578
33 59 10.9898
33 60 -4.60629
33 61 -20.8593
33 62 9.92798
33 63 5.01323
33 64 69.1265
33 65 39.3961
33 66 -17.9572
33 67 -8.91722
33 68 17.1195
33 69 -30.153
33 70 4.57507
33 71 22.3988
34 36 -33.3345
34 37 -2.07358
34 38 -3.61313
34 39 -0.536524
34 40 4.1584
34 41 -21.0571
34 42 -22.0588
34 43 -0.0827651
34 44 50.0814
34 45 -15.0859
34 46 17.4919
34 47 -17.766
34 48 41.9678
34 49 21.6931
34 50 -7.61986
34 51 47.4077
34 52 -18.0834
34 53 10.1315
34 54 -0.456306
34 55 0.434011
34 56 -18.1237
34 57 33.5778
34 58 -35.3122
34 59 23.7406
34 60 20.5994
34 61 24.1687
34 62 16.6917
34 63 -17.6394
34 64 36.2392
34 65 -2.42375
34 66 -34.1944
34 67 -4.44312
34 68 4.78018
34 69 -2.40382
34 70 6.6357
34 71 22.2852
35 36 -49.5111
35 37 13.7673
35 38 13.7379
35 39 61.9385
35 40 6.831
35 41 -2.07415
35 42 -41.8631
35 43 -5.58179
35 44 22.035
35 45 40.5899
35 46 -31.9423
35 47 1.53876
35 48 15.8113
35 49 -86.6117
35 50 15.6344
35 51 51.5658
35 52 -7.27157
35 53 10.4204
35 54 42.5522
35 55 42.6391
35 56 -8.52816
35 57 8.4684
35 58 -41.8641
35 59 -10.1081
35 60 -64.2171
35 61 -6.57606
35 62 -17.8621
35 63 7.19945
35 64 -13.9454
35 65 -32.0991
35 66 -25.0916
35 67 5.51421
35 68 -33.0114
35 69 9.56918
35 70 4.563
35 71 -14.9662
36 72 4.79942
36 73 8.59687
36 74 -12.1701
36 75 -39.1461
36 76 21.1717
36 77 -6.61657
36 78 -4.46962
36 79 -45.7605
36 80 -6.78525
36 81 37.4876
36 82 33.3561
36 83 38.559
36 84 -50.0668
36 85 -23
36 86 44.999
36 87 -34.7471
36 88 -53.7099
36 89 -23.3503
36 90 4.11765
36 91 18.8357
36 92 -47.4702
36 93 0.396429
36 94 2.51793
36 95 -33.6552
36 96 2.09173
36 97 -13.6426
36 98 13.5672
36 99 -7.31057
36 100 -29.922
36 101 -25.6539
36 102 10.0989
36 103 13.2397
36 104 -15.3037
36 105 -12.9067
36 106 -41.2285
36 107 20.8339
37 72 2.94581
37 73 -60.2928
37 74 -6.52343
37 75 -17.2676
37 76 20.1127
37 77 -16.1258
37 78 -15.5345
37 79 -14.6834
37 80 -65.2251
37 81 -12.739
37 82 -16.4987
37 83 14.7899
37 84 34.2679
37 85 3.24805
37 86 2.21963
37 87 -24.8495
37 88 -38.0812
37 89 24.7236
37 90 22.0596
37 91 20.387
37 92 -9.67357
37 93 -65.4008
37 94 -99.3086
37 95 18.8386
37 96 38.3559
37 97 -14.9497
37 98 -8.39692
37 99 -22.3921
37 100 -36.1674
37 101 29.5459
37 102 -11.4342
37 103 -21.016
37 104 4.02205
37 105 20.1491
37 106 -0.503225
37 107 10.6054
38 72 -14.0028
38 73 -5.75359
38 74 -32.2777
38 75 19.8475
38 76 -32.2213
38 77 -8.54745
38 78 -25.5473
38 79 -6.05853
38 80 -17.163
38 81 6.19814
38 82 -0.773469
38 83 22.1502
38 84 21.4654
38 85 12.2337
38 86 18.4413
38 87 -45.4619
38 88 28.427
38 89 22.9599
38 90 4.66222
38 91 -43.5715
38 92 -20.6435
38 93 -11.4021
38 94 4.64214
38 95 -55.8004
38 96 26.483
38 97 -5.65666
38 98 -41.5672
38 99 12.7711
38 100 -53.4805
38 101 11.5307
38 102 0.952071
38 103 -37.7133
38 104 -6.24683
38 105 20.0381
38 106 -22.2064
38 107 -44.0235
39 72 24.1182
39 73 13.9962
39 74 31.0827
39 75 1.67886
39 76 22.1799
39 77 8.05345
39 78 -7.02788
39 79 -47.6165
39 80 17.1284
39 81 15.0281
39 82 -20.7347
39 83 28.5167
39 84 -29.955
39 85 30.0511
39 86 -2.77777
39 87 -25.6834
39 88 -9.95366
39 89 -32.6484
39 90 15.6821
39 91 -5.14294
39 92 3.37033
39 93 31.8113
39 94 19.659
39 95 -9.9878
39 96 2.83643
39 97 -30.4191
39 98 -13.1565
39 99 26.2411
39 100 27.9243
39 101 18.3438
39 102 33.765
39 103 -36.4372
39 104 -31.8077
39 105 -34.8029
39 106 14.8672
39 107 7.41313
40 72 -50.1517
40 73 60.1579
40 74 -30.1306
40 75 -57.7224
40 76 42.1019
40 77 40.8173
40 78 -2.23678
40 79 9.04617
40 80 32.3349
40 81 16.1534
40 82 -6.03024
40 83 0.537279
40 84 -22.7086
40 85 17.6005
40 86 16.2319
40 87 34.8489
40 88 -21.3612
40 89 1.37887
40 90 -3.3252
40 91 21.6682
40 92 6.52221
40 93 -55.7057
40 94 -14.8202
40 95 1.55338
40 96 15.8746
40 97 11.1393
40 98 44.8787
40 99 30.8201
40 100 12.2862
40 101 25.7233
40 102 31.6149
40 103 -2.47222
40 104 39.5349
40 105 -12.0517
40 106 -16.4072
40 107 -32.5103
41 72 -11.9288
41 73 -55.9663
41 74 13.5606
41 75 -19.8878
41 76 -27.8375
41 77 18.1861
41 78 70.8346
41 79 -19.824
41 80 20.548
41 81 3.63431
41 82 -6.13455
41 83 3.87334
41 84 -25.7804
41 85 49.5172
41 86 2.14984
41 87 7.42043
41 88 70.8527
41 89 -28.5458
41 90 -15.0501
41 91 -34.9468
41 92 28.2297
41 93 58.5662
41 94 1.69104
41 95 -46.3341
41 96 -64.64
41 97 -48.4257
41 98 -19.8579
41 99 -21.4494
41 100 -16.7884
41 101 4.13508
41 102 -42.0086
41 103 52.3832
41 104 -43.2517
41 105 -22.9111
41 106 1.91245
41 107 23.6162
42 72 28.5464
42 73 4.6302
42 74 26.1523
42 75 15.2212
42 76 -5.93374
42 77 53.0862
42 78 -18.412
42 79 -14.9142
42 80 -8.41815
42 81 -40.1289
42 82 -8.44795
42 83 7.35442
42 84 -25.4194
42 85 -28.3624
42 86 50.9428
42 87 -1.33651
42 88 -36.3904
42 89 -27.5775
42 90 18.4676
42 91 -29.5427
42 92 43.0494
42 93 9.75904
42 94 4.49779
42 95 -13.4748
42 96 -0.0184733
42 97 5.30463
42 98 2.91403
42 99 -35.3109
42 100 48.3085
42 101 2.92329
42 102 -43.8185
42 103 -14.6586
42 104 20.0505
42 105 -0.258353
42 106 8.08894
42 107 -10.0628
43 72 -1.13148
43 73 -68.5884
43 74 -41.345
43 75 -20.3259
43 76 29.4684
43 77 31.6934
43 78 18.6094
43 79 5.10732
43 80 -26.1531
43 81 -36.8134
43 82 -10.1602
43 83 33.2265
43 84 3.84347
43 85 -26.8387
43 86 72.8405
43 87 26.7681
43 88 -22.3063
43 89 8.01338
43 90 3.77025
43 91 -33.7987
43 92 -7.11369
43 93 34.3295
43 94 -43.6996
43 95 -6.10784
43 96 -28.0559
43 97 50.2417
43 98 -27.1015
43 99 -12.4784
43 100 -48.8657
43 101 22.6861
43 102 33.842
43 103 -11.7809
43 104 57.6932
43 105 -21.6851
43 106 41.0042
43 107 -14.7849
44 72 -15.0474
44 73 23.7675
44 74 -13.7345
44 75 6.5366
44 76 -47.061
44 77 1.55831
44 78 -11.6913
44 79 10.1104
44 80 -29.2991
44 81 -6.56654
44 82 56.6207
44 83 23.6177
44 84 -17.7584
44 85 -18.5057
44 86 36.4511
44 87 -8.42398
44 88 -8.92044
44 89 -31.645
44 90 -39.2878
44 91 19.1464
44 92 -33.479
44 93 -7.22089
44 94 5.4682
44 95 4.02765
44 96 -63.9601
44 97 -19.5002
44 98 -26.5267
44 99 21.5384
44 100 12.0703
44 101 -52.4564
44 102 7.57274
44 103 3.89246
44 104 -19.3491
44 105 -11.914
44 106 24.5534
44 107 -26.1442
45 72 27.3107
45 73 -0.517471
45 74 31.0685
45 75 60.5522
45 76 -36.4001
45 77 -10.682
45 78 12.887
45 79 -32.9901
45 80 41.8396
45 81 15.9812
45 82 -38.3186
45 83 -30.1203
45 84 -24.6116
45 85 -34.9509
45 86 -37.5545
45 87 0.0389678
45 88 10.8864
45 89 4.79186
45 90 38.8808
45 91 0.201874
45 92 18.4598
45 93 -20.7736
45 94 -40.1844
45 95 14.5688
45 96 -8.97677
45 97 -62.8229
45 98 -16.5596
45 99 36.3288
45 100 -43.4682
45 101 6.13003
45 102 -3.33524
45 103 15.9227
45 104 12.5944
45 105 8.97891
45 106 -7.14289
45 107 -55.6643
46 72 -42.6507
46 73 -0.185947
46 74 -19.2612
46 75 26.1091
46 76 22.1659
46 77 -70.1567
46 78 -23.7497
46 79 -4.5479
46 80 -12.131
46 81 0.508248
46 82 44.0759
46 83 11.8476
46 84 -2.2311
46 85 -27.7768
46 86 41.2525
46 87 -12.298
46 88 -24.3141
46 89 -71.3327
46 90 -14.9134
46 91 -54.056
46 92 -34.2866
46 93 -24.6859
46 94 16.0698
46 95 -5.51927
46 96 -11.2601
46 97 43.6844
46 98 -16.9303
46 99 -14.0492
46 100 5.36331
46 101 -25.7676
46 102 13.3381
46 103 18.5593
46 104 -5.50021
46 105 -51.253
46 106 -26.4787
46 107 -16.2764
47 72 -2.16762
47 73 -5.76195
47 74 18.1403
47 75 -58.5553
47 76 -38.2137
47 77 -60.043
47 78 63.9177
47 79 -5.54357
47 80 -17.7061
47 81 -11.9258
47 82 -16.631
47 83 -45.8433
47 84 -1.33868
47 85 -55.1307
47 86 7.41522
47 87 -30.0308
47 88 -69.137
47 89 -4.27749
47 90 34.0429
47 91 -1.5843
47 92 -6.51898
47 93 -8.181
47 94 1.40093
47 95 -22.6713
47 96 0.108216
47 97 -7.59207
47 98 -46.3823
47 99 -5.69843
47 100 44.9069
47 101 45.8392
47 102 -47.6791
47 103 13.5657
47 104 -0.913307
47 105 -9.53999
47 106 27.588
47 107 10.6261
48 72 -2.07042
48 73 -17.8576
48 74 79.4187
48 75 33.5615
48 76 -12.3671
48 77 -12.8407
48 78 10.5806
48 79 11.4488
48 80 -71.4867
48 81 8.72998
48 82 31.7616
48 83 21.7886
48 84 13.8766
48 85 -25.2645
48 86 -12.8657
48 87 47.5717
48 88 -17.5384
48 89 -19.86
48 90 -13.1394
48 91 50.0218
48 92 16.5663
48 93 4.39322
48 94 14.1491
48 95 -27.3247
48 96 -6.31172
48 97 -38.0068
48 98 16.5677
48 99 -13.2097
48 100 -42.7577
48 101 -32.2334
48 102 -0.980524
48 103 -5.31601
48 104 -18.4541
48 105 -22.31
48 106 -28.6122
48 107 -12.0036
49 72 -42.1195
49 73 1.05092
49 74 -6.95296
49 75 -12.7272
49 76 15.5195
49 77 -2.16371
49 78 50.9723
49 79 17.8262
49 80 24.4392
49 81 20.2327
49 82 -41.8846
49 83 -21.6343
49 84 -20.9622
49 85 -50.2357
49 86 -64.3027
49 87 4.98984
49 88 10.0107
49 89 -30.7253
49 90 -0.166633
49 91 -15.3611
49 92 -42.4573
49 93 2.07644
49 94 -45.4813
49 95 7.9326
49 96 -7.57613
49 97 -3.99553
49 98 2.88507
49 99 -41.0723
49 100 7.77217
49 101 6.45855
49 102 -33.6007
49 103 -7.46494
49 104 57.5241
49 105 -8.49859
49 106 23.2936
49 107 10.3856
50 72 -9.60308
50 73 44.581
50 74 -37.6588
50 75 -16.8201
50 76 -10.4579
50 77 3.81295
50 78 45.3868
50 79 -6.53472
50 80 -54.5375
50 81 -29.4718
50 82 25.4505
50 83 5.76342
50 84 -7.92573
50 85 40.4022
50 86 8.14988
50 87 -4.44934
50 88 2.79707
50 89 10.2234
50 90 -1.56292
50 91 -2.45032
50 92 21.3118
50 93 -18.3206
50 94 34.763
50 95 -36.3187
50 96 13.0055
50 97 2.58596
50 98 -4.70225
50 99 69.5764
50 100 -36.2829
50 101 -31.3687
50 102 5.66866
50 103 0.255927
50 104 -34.4986
50 105 20.6932
50 106 13.6085
50 107 -12.4431
51 72 8.74858
51 73 2.66674
51 74 -19.874
51 75 -13.944
51 76 -7.39982
51 77 4.45374
51 78 6.21281
51 79 32.3796
51 80 29.5543
51 81 16.886
51 82 -34.9458
51 83 28.2382
51 84 -10.9723
51 85 9.52969
51 86 -21.9699
51 87 -12.733
51 88 -10.7846
51 89 10.9354
51 90 10.2774
51 91 40.8422
51 92 20.9312
51 93 51.6344
51 94 28.6132
51 95 -8.04993
51 96 27.8004
51 97 8.74352
51 98 -25.9297
51 99 12.6924
51 100 -44.8681
51 101 49.3563
51 102 -78.1669
51 103 72.6078
51 104 26.2237
51 105 20.7518
51 106 26.7001
51 107 -48.7348
52 72 73.1997
52 73 -32.1729
52 74 -27.5164
52 75 27.2865
52 76 -40.1241
52 77 -1.21028
52 78 -10.0849
52 79 33.1564
52 80 -55.7176
52 81 -6.09694
52 82 23.8261
52 83 14.2959
52 84 -1.43825
52 85 -30.1839
52 86 1.04301
52 87 15.8039
52 88 14.6767
52 89 -6.05265
52 90 -38.8712
52 91 -19.9939
52 92 -20.1361
52 93 0.191274
52 94 74.9358
52 95 -11.6284
52 96 12.7069
52 97 1.084
52 98 -17.7735
52 99 -48.9471
52 100 20.2118
52 101 28.8437
52 102 41.266
52 103 4.22078
52 104 11.0537
52 105 12.6449
52 106 -8.16815
52 107 -15.0896
53 72 38.2879
53 73 30.9514
53 74 12.0264
53 75 -32.7937
53 76 -24.4719
53 77 18.2452
53 78 -25.2533
53 79 -7.50056
53 80 -21.2996
53 81 44.2738
53 82 34.8058
53 83 32.6126
53 84 10.1297
53 85 20.1235
53 86 10.5196
53 87 -19.134
53 88 -47.1569
53 89 2.98235
53 90 19.3658
53 91 -10.6725
53 92 12.5383
53 93 15.033
53 94 42.4153
53 95 63.9118
53 96 38.7105
53 97 -27.465
53 98 48.1904
53 99 2.52166
53 100 4.49193
53 101 -46.9201
53 102 59.2175
53 103 15.0215
53 104 5.63358
53 105 31.4525
53 106 68.6767
53 107 -32.975
54 72 35.1874
54 73 14.5821
54 74 23.4994
54 75 -23.8431
54 76 -18.0663
54 77 -23.7467
54 78 44.4713
54 79 6.57085
54 80 -6.66316
54 81 -4.50902
54 82 -44.0656
54 83 -13.3732
54 84 28.381
54 85 47.1443
54 86 -3.2638
54 87 19.9349
54 88 -22.6339
54 89 25.3131
54 90 43.2519
54 91 38.8767
54 92 -7.953
54 93 -19.8865
54 94 -6.90473
54 95 -53.9206
54 96 45.8027
54 97 21.248
54 98 43.5165
54 99 62.2231
54 100 -9.0932
54 101 -36.9843
54 102 45.8664
54 103 -49.0193
54 104 9.94722
54 105 33.7416
54 106 8.66937
54 107 -6.33114
55 72 -17.7428
55 73 10.766
55 74 6.84667
55 75 29.4065
55 76 -5.41861
55 77 32.1521
55 78 4.48325
55 79 -27.2841
55 80 49.6599
55 81 12.378
55 82 2.93495
55 83 46.3168
55 84 4.51565
55 85 -55.0076
55 86 -15.2104
55 87 17.6626
55 88 -37.1249
55 89 26.0671
55 90 -5.53085
55 91 62.6412
55 92 -36.2672
55 93 -24.3587
55 94 -31.503
55 95 -15.1698
55 96 -10.3306
55 97 -45.8929
55 98 -14.4911
55 99 -3.98314
55 100 26.2928
55 101 -51.8672
55 102 3.51576
55 103 10.1924
55 104 -2.64518
55 105 -53.8278
55 106 -22.8573
55 107 37.2031
56 72 21.4669
56 73 46.811
56 74 -51.3166
56 75 -13.382
56 76 32.3476
56 77 38.7826
56 78 15.791
56 79 16.9798
56 80 -20.4551
56 81 21.2936
56 82 1.22338
56 83 25.4078
56 84 -15.0245
56 85 -24.7086
56 86 -2.60665
56 87 4.77181
56 88 -0.0245869
56 89 -21.4077
56 90 4.98508
56 91 22.144
56 92 -12.3495
56 93 -12.4897
56 94 -28.8903
56 95 8.12075
56 96 11.3195
56 97 8.77903
56 98 -18.7483
56 99 10.8651
56 100 35.3683
56 101 -9.76575
56 102 -14.0673
56 103 12.8239
56 104 -37.8007
56 105 28.2232
56 106 13.7806
56 107 -5.92834
57 72 -56.8561
57 73 13.4226
57 74 42.8945
57 75 12.6074
57 76 13.8288
57 77 -9.40512
57 78 27.4314
57 79 -46.2528
57 80 4.16997
57 81 42.4274
57 82 60.4524
57 83 5.30969
57 84 -27.775
57 85 -43.9994
57 86 24.4271
57 87 0.614638
57 88 -18.9237
57 89 -11.1588
57 90 25.7609
57 91 -13.9385
57 92 1.75416
57 93 -37.6113
57 94 1.4054
57 95 33.5172
57 96 -35.0391
57 97 -32.2589
57 98 -24.7117
57 99 -1.46167
57 100 28.8841
57 101 -19.852
57 102 2.66631
57 103 -15.629
57 104 11.5844
57 105 24.8808
57 106 24.4606
57 107 45.8363
58 72 6.87408
58 73 13.275
58 74 17.9359
58 75 -0.450021
58 76 -8.60766
58 77 -11.8548
58 78 -19.4648
58 79 -26.9457
58 80 -14.8177
58 81 -3.14124
58 82 -11.6207
58 83 -18.1158
58 84 -36.8263
58 85 0.911366
58 86 -38.4247
58 87 33.2425
58 88 -9.8261
58 89 18.067
58 90 -26.3153
58 91 -34.0509
58 92 1.57429
58 93 -1.39981
58 94 -1.78985
58 95 10.512
58 96 -24.0576
58 97 -4.10343
58 98 49.6332
58 99 -11.4356
58 100 -44.9749
58 101 6.52484
58 102 -22.8232
58 103 26.4178
58 104 59.3095
58 105 22.5658
58 106 23.2684
58 107 17.2758
59 72 25.1087
59 73 20.8499
59 74 -3.12582
59 75 73.3237
59 76 -50.6263
59 77 16.7766
59 78 -7.03468
59 79 30.7089
59 80 -29.0201
59 81 -33.18
59 82 29.3534
59 83 14.0814
59 84 -35.7506
59 85 29.9013
59 86 31.13
59 87 24.902
59 88 27.7626
59 89 48.0424
59 90 9.78782
59 91 -14.5066
59 92 -20.1746
59 93 -41.4052
59 94 33.5683
59 95 10.3612
59 96 10.202
59 97 5.40846
59 98 -46.469
59 99 12.5803
59 100 -17.0407
59 101 -31.5867
59 102 21.6632
59 103 1.89124
59 104 -17.4741
59 105 31.6435
59 106 29.3909
59 107 10.5241
60 72 30.7497
60 73 8.17088
60 74 -23.5031
60 75 12.3418
60 76 -12.4609
60 77 7.02071
60 78 31.0177
60 79 0.216321
60 80 -10.5177
60 81 -26.813
60 82 12.3794
60 83 1.66677
60 84 25.4735
60 85 33.3765
60 86 -40.903
60 87 -3.08613
60 88 -13.7381
60 89 -4.71868
60 90 -16.8065
60 91 6.66739
60 92 26.0878
60 93 14.7264
60 94 28.0862
60 95 -6.63356
60 96 43.1783
60 97 -25.4266
60 98 -39.6427
60 99 -18.8844
60 100 25.0953
60 101 -39.1311
60 102 4.45273
60 103 -0.539067
60 104 56.7743
60 105 -40.8786
60 106 -16.8726
60 107 -67.7785
61 72 19.3109
61 73 -16.2815
61 74 -18.7252
61 75 8.79874
61 76 32.3986
61 77 36.6682
61 78 -25.3072
61 79 23.3699
61 80 -29.4219
61 81 -15.8995
61 82 3.50592
61 83 -9.14724
61 84 10.6514
61 85 -4.17231
61 86 -25.9434
61 87 22.977
61 88 -3.40634
61 89 -33.6947
61 90 6.05308
61 91 15.8103
61 92 -31.6319
61 93 16.5817
61 94 21.8719
61 95 -48.8025
61 96 -4.75866
61 97 -14.9841
61 98 -34.3034
61 99 3.89163
61 100 11.2926
61 101 -6.79191
61 102 -46.3851
61 103 6.11298
61 104 4.13883
61 105 -15.2603
61 106 -40.6237
61 107 32.2598
62 72 -5.2597
62 73 17.9706
62 74 7.49431
62 75 -39.1113
62 76 -50.9343
62 77 -30.8497
62 78 15.0894
62 79 11.9285
62 80 12.2115
62 81 -5.50156
62 82 -2.68913
62 83 81.9368
62 84 45.2695
62 85 -7.57544
62 86 8.69176
62 87 63.3578
62 88 69.5808
62 89 -22.8619
62 90 16.5757
62 91 -19.9479
62 92 18.5226
62 93 -61.3583
62 94 -1.91866
62 95 -5.90902
62 96 -73.1382
62 97 21.4517
62 98 -19.5891
62 99 31.8226
62 100 12.4575
62 101 19.075
62 102 4.24028
62 103 30.508
62 104 -15.6107
62 105 -18.4442
62 106 -12.0225
62 107 -13.3002
63 72 3.71161
63 73 -44.8562
63 74 -44.5596
63 75 7.55692
63 76 24.7636
63 77 -26.9549
63 78 -5.54355
63 79 18.0497
63 80 2.09735
63 81 15.4171
63 82 41.2094
63 83 25.9034
63 84 -23.1074
63 85 18.2579
63 86 -23.856
63 87 -25.4066
63 88 -54.3494
63 89 -25.9176
63 90 18.1073
63 91 10.9326
63 92 -4.57789
63 93 2.95225
63 94 -5.138
63 95 -28.7496
63 96 28.8371
63 97 -34.4598
63 98 47.7868
63 99 16.964
63 100 12.4969
63 101 8.85884
63 102 1.4313
63 103 14.7181
63 104 -5.01507
63 105 -22.44
63 106 10.7047
63 107 14.1473
64 72 6.58782
64 73 -31.65
64 74 40.3337
64 75 22.7143
64 76 5.15759
64 77 14.101
64 78 20.8023
64 79 -10.4055
64 80 12.1617
64 81 2.77508
64 82 2.89372
64 83 -12.6838
64 84 15.4398
64 85 49.0243
64 86 -29.5626
64 87 -8.4067
64 88 9.94809
64 89 -11.1733
64 90 -21.8813
64 91 -7.34091
64 92 50.4472
64 93 3.94802
64 94 18.5582
64 95 -17.3317
64 96 -20.9294
64 97 12.148
64 98 -20.4891
64 99 30.686
64 100 -64.5811
64 101 -15.7925
64 102 46.3489
64 103 0.445074
64 104 -5.30169
64 105 -15.0075
64 106 0.812755
64 107 42.5605
65 72 -25.595
65 73 -24.6529
65 74 1.51295
65 75 11.8259
65 76 -0.740918
65 77 -61.0187
65 78 26.7284
65 79 14.9075
65 80 -5.46732
65 81 8.67124
65 82 73.4585
65 83 7.48631
65 84 -19.5751
65 85 -5.12911
65 86 -0.548808
65 87 -32.5327
65 88 -33.7751
65 89 -52.4804
65 90 -45.6325
65 91 -9.41535
65 92 -10.7929
65 93 27.7549
65 94 -23.158
65 95 22.0777
65 96 28.5613
65 97 62.9594
65 98 -15.906
65 99 13.816
65 100 -34.309
65 101 -37.5832
65 102 47.0911
65 103 -24.2769
65 104 5.38035
65 105 16.54
65 106 -92.2607
65 107 39.4395
66 72 5.83084
66 73 6.81709
66 74 -0.903261
66 75 -5.98337
66 76 -3.86659
66 77 -11.6206
66 78 0.302293
66 79 1.31885
66 80 18.5863
66 81 34.3773
66 82 2.47962
66 83 10.0162
66 84 21.7341
66 85 33.5209
66 86 -8.50486
66 87 16.7195
66 88 -33.2462
66 89 -15.6672
66 90 -25.8174
66 91 35.7603
66 92 27.8854
66 93 -12.7619
66 94 -61.8969
66 95 -3.01838
66 96 38.5089
66 97 25.0852
66 98 -8.70957
66 99 16.036
66 100 -5.43178
66 101 48.9584
66 102 12.7996
66 103 -1.07323
66 104 -21.6322
66 105 -43.3563
66 106 13.3709
66 107 -67.4473
67 72 -9.79325
67 73 0.422849
67 74 16.0671
67 75 -26.5223
67 76 -58.4511
67 77 0.202996
67 78 -2.79941
67 79 18.6622
67 80 6.23117
67 81 2.12656
67 82 -3.18799
67 83 4.45431
67 84 -45.8757
67 85 22.3082
67 86 19.4919
67 87 4.79934
67 88 -23.808
67 89 8.07123
67 90 36.3631
67 91 56.1819
67 92 56.0996
67 93 21.6123
67 94 -11.7745
67 95 18.7121
67 96 13.9516
67 97 40.2955
67 98 12.2914
67 99 -7.88058
67 100 29.6967
67 101 39.0855
67 102 22.8515
67 103 -36.4506
67 104 -8.75726
67 105 5.77703
67 106 3.08916
67 107 2.76998
68 72 26.9147
68 73 6.2436
68 74 -14.4285
68 75 24.4487
68 76 -46.0279
68 77 -15.4318
68 78 -54.2842
68 79 6.32396
68 80 -15.1004
68 81 -22.4188
68 82 4.83723
68 83 -46.0754
68 84 25.3618
68 85 -27.0776
68 86 -23.1423
68 87 -56.3573
68 88 0.723242
68 89 2.46374
68 90 -12.7493
68 91 33.2682
68 92 -73.5213
68 93 2.28279
68 94 17.7386
68 95 -83.0263
68 96 -44.545
68 97 -10.4495
68 98 39.1887
68 99 51.8457
68 100 -0.0369539
68 101 27.4916
68 102 25.2798
68 103 35.6653
68 104 13.6756
68 105 -18.6742
68 106 7.13921
68 107 -50.5534
69 72 -26.5213
69 73 54.3999
69 74 8.01181
69 75 38.2578
69 76 -25.5461
69 77 -5.67597
69 78 14.3412
69 79 -13.7902
69 80 11.5781
69 81 -32.37
69 82 52.9886
69 83 21.7196
69 84 -32.3856
69 85 6.10981
69 86 -5.16474
69 87 0.392692
69 88 3.88038
69 89 -32.6142
69 90 30.5531
69 91 -40.9638
69 92 24.8837
69 93 -5.65083
69 94 24.262
69 95 -38.9768
69 96 0.139155
69 97 -13.9712
69 98 58.8886
69 99 -17.8054
69 100 12.8802
69 101 40.8815
69 102 25.7124
69 103 27.0703
69 104 11.6215
69 105 -21.4156
69 106 4.33914
69 107 6.97571
70 72 -11.5367
70 73 -11.2765
70 74 -16.3544
70 75 -58.7278
70 76 -44.248
70 77 -1.88756
70 78 -28.097
70 79 -20.5335
70 80 55.4456
70 81 -28.7111
70 82 23.7168
70 83 -15.9784
70 84 -45.5051
70 85 -5.9335
70 86 23.665
70 87 12.7501
70 88 -70.1574
70 89 -25.0866
70 90 -37.544
70 91 -8.19931
70 92 -13.3751
70 93 -6.96633
70 94 16.6302
70 95 36.9694
70 96 13.0648
70 97 6.93061
70 98 -12.9475
70 99 12.4462
70 100 0.262695
70 101 -0.0242996
70 102 -17.7426
70 103 -64.1626
70 104 30.3855
70 105 18.882
70 106 12.4159
70 107 -4.93485
71 72 36.8003
71 73 4.16556
71 74 -19.8044
71 75 1.97986
71 76 -0.559009
71 77 28.7351
71 78 -22.2011
71 79 -31.9173
71 80 15.4786
71 81 42.9886
71 82 32.6848
71 83 -24.5238
71 84 27.7193
71 85 -35.3035
71 86 25.169
71 87 -70.7806
71 88 -7.87909
71 89 -32.2188
71 90 -29.1025
71 91 4.43221
71 92 -22.1702
71 93 -21.6512
71 94 23.1823
71 95 2.88701
71 96 8.19849
71 97 -67.2781
71 98 40.4718
71 99 9.93241
71 100 25.5943
71 101 -17.0868
71 102 -12.2339
71 103 -58.3273
71 104 6.2978
71 105 -16.7013
71 106 -21.2874
71 107 57.9684
0 0 6.58885
1 0 31.6272
2 0 -52.5955
3 0 -14.9773
4 0 -48.7884
5 0 10.7819
6 0 41.1192
7 0 -17.6685
8 0 10.4833
9 0 42.2269
10 0 0.37941
11 0 5.39541
12 0 26.4722
13 0 -28.0575
14 0 11.9845
15 0 6.40115
16 0 -26.1596
17 0 25.112
0 1 -54.0724
1 1 -8.49446
2 1 4.72768
3 1 -34.019
4 1 63.0675
5 1 23.825
6 1 -42.1855
7 1 35.3464
8 1 -0.306928
9 1 3.29927
10 1 34.5416
11 1 13.0434
12 1 -36.2458
13 1 34.6498
14 1 -12.8675
15 1 -24.1756
16 1 8.91157
17 1 17.1173
0 2 20.6602
1 2 -8.97157
2 2 -31.8423
3 2 -14.4261
4 2 17.1708
5 2 -45.8862
6 2 -1.0932
7 2 20.0947
8 2 -16.9742
9 2 19.4249
10 2 -24.6483
11 2 4.28342
12 2 24.4033
13 2 15.4227
14 2 -59.9529
15 2 -55.8068
16 2 29.6204
17 2 -23.9843
0 3 31.9143
1 3 41.4626
2 3 -11.2301
3 3 -43.3443
4 3 1.93743
5 3 -13.1172
6 3 24.547
7 3 -16.3257
8 3 10.1732
9 3 -65.8749
10 3 26.8353
11 3 16.0995
12 3 3.76424
13 3 5.50598
14 3 -2.4977
15 3 -20.1386
16 3 15.7501
17 3 -38.6497
0 4 15.1888
1 4 11.9613
2 4 25.7339
3 4 -54.757
4 4 -12.7282
5 4 -0.0765967
6 4 20.8722
7 4 36.3262
8 4 50.2432
9 4 3.72846
10 4 50.0144
11 4 -7.08659
12 4 -4.51743
13 4 -6.42169
14 4 -47.9451
15 4 33.5425
16 4 50.8353
17 4 -11.6388
0 5 28.9078
1 5 17.2874
2 5 20.2192
3 5 15.5992
4 5 -25.8063
5 5 25.1489
6 5 19.2339
7 5 -2.50702
8 5 -16.0061
9 5 40.3828
10 5 -5.38541
11 5 -28.3962
12 5 -11.3347
13 5 -27.564
14 5 34.4552
15 5 14.4637
16 5 17.9132
17 5 -25.0299
0 6 -15.097
1 6 8.50383
2 6 -29.3251
3 6 -7.32581
4 6 -23.8131
5 6 -42.5154
6 6 6.17429
7 6 -8.92033
8 6 -28.9919
9 6 -29.235
10 6 -61.3052
11 6 22.3609
12 6 30.1955
13 6 8.99397
14 6 10.0264
15 6 49.9272
16 6 -31.3425
17 6 -53.8345
0 7 -55.2795
1 7 -2.37467
2 7 -27.4307
3 7 13.8632
4 7 -29.4503
5 7 7.99581
6 7 43.8861
7 7 -15.9832
8 7 4.5194
9 7 11.5931
10 7 -1.8114
11 7 13.4759
12 7 30.5121
13 7 -14.88
14 7 25.6922
15 7 -14.3906
16 7 -54.7332
17 7 8.23713
0 8 8.72381
1 8 -8.20194
2 8 6.14875
3 8 3.38396
4 8 24.2783
5 8 -38.6179
6 8 -0.489279
7 8 -45.7567
8 8 6.71061
9 8 4.10671
10 8 -3.23614
11 8 11.6302
12 8 -6.36965
13 8 -24.7476
14 8 37.9618
15 8 38.4425
16 8 44.3534
17 8 53.4194
0 9 0.0445489
1 9 62.2522
2 9 18.6647
3 9 31.4133
4 9 18.7443
5 9 -24.9049
6 9 -48.8865
7 9 -20.5651
8 9 7.53599
9 9 29.3992
10 9 18.4228
11 9 -35.8854
12 9 12.3996
13 9 -9.29572
14 9 76.0882
15 9 12.4253
16 9 4.89056
17 9 -29.1566
0 10 -5.24349
1 10 29.6664
2 10 -2.82484
3 10 -13.1344
4 10 -27.0502
5 10 -15.0252
6 10 -35.1389
7 10 -6.76738
8 10 -31.7467
9 10 0.159125
10 10 -40.567
11 10 24.8798
12 10 -33.2188
13 10 -6.08065
14 10 11.7879
15 10 30.5502
16 10 -0.774472
17 10 28.566
0 11 50.8946
1 11 -7.48698
2 11 -7.18457
3 11 -22.4549
4 11 -12.508
5 11 -32.721
6 11 -0.102819
7 11 -10.0228
8 11 -5.021
9 11 -30.9501
10 11 -5.86958
11 11 -14.6331
12 11 11.4992
13 11 34.6807
14 11 -82.5105
15 11 -36.8186
16 11 39.4239
17 11 -22.5989
0 12 -34.3078
1 12 -30.5316
2 12 32.5856
3 12 -35.9556
4 12 -9.62408
5 12 -53.7209
6 12 29.4526
7 12 12.6292
8 12 32.2493
9 12 20.7299
10 12 15.845
11 12 36.6802
12 12 34.434
13 12 4.74134
14 12 13.1201
15 12 -29.7282
16 12 -80.6307
17 12 43.4642
0 13 -7.62503
1 13 -29.2576
2 13 56.8216
3 13 -33.6973
4 13 -10.5375
5 13 13.5634
6 13 9.77663
7 13 -17.2449
8 13 24.6586
9 13 42.8549
10 13 2.00452
11 13 37.944
12 13 27.0784
13 13 30.5121
14 13 5.43881
15 13 22.6559
16 13 -27.0306
17 13 2.23816
0 14 1.3904
1 14 -17.3249
2 14 -51.0362
3 14 -31.7815
4 14 14.9031
5 14 -9.60207
6 14 -18.8026
7 14 43.1477
8 14 3.47861
9 14 -8.89605
10 14 19.0342
11 14 1.89069
12 14 -65.2108
13 14 5.8203
14 14 -77.7023
15 14 6.7619
16 14 -17.9346
17 14 17.894
0 15 33.0694
1 15 -13.3293
2 15 5.26789
3 15 21.2382
4 15 16.1072
5 15 2.47237
6 15 32.0691
7 15 19.9069
8 15 17.2908
9 15 32.0552
10 15 13.7657
11 15 -23.5928
12 15 -55.8936
13 15 7.66815
14 15 -6.9446
15 15 -2.14492
16 15 48.1693
17 15 -9.32929
0 16 -14.0258
1 16 -13.9606
2 16 29.2202
3 16 -25.0703
4 16 -41.6685
5 16 17.729
6 16 -24.0187
7 16 39.4919
8 16 39.9667
9 16 -46.0899
10 16 0.661054
11 16 -3.13839
12 16 74.7136
13 16 -43.1153
14 16 -6.42271
15 16 2.55242
16 16 -18.9983
17 16 -10.6219
0 17 12.5771
1 17 -0.0981274
2 17 10.7183
3 17 15.4073
4 17 -4.46102
5 17 -29.3852
6 17 10.316
7 17 -40.2465
8 17 -3.67404
9 17 -19.6121
10 17 4.6415
11 17 3.65462
12 17 11.0177
13 17 -44.9228
14 17 -5.02222
15 17 -24.4428
16 17 38.1454
17 17 -46.9281
0 18 -17.9967
1 18 15.6627
2 18 4.67173
3 18 28.5237
4 18 51.877
5 18 46.8917
6 18 24.7139
7 18 -43.2359
8 18 -22.7094
9 18 -0.291156
10 18 46.0482
11 18 27.2126
12 18 -23.1442
13 18 15.0894
14 18 -11.8553
15 18 55.7992
16 18 -13.66
17 18 -31.617
0 19 -11.1833
1 19 -3.88175
2 19 -13.2004
3 19 -13.311
4 19 46.3621
5 19 -22.4936
6 19 14.1433
7 19 -14.0819
8 19 -32.7562
9 19 -45.0179
10 19 12.9257
11 19 8.61758
12 19 53.0234
13 19 3.53345
14 19 12.6274
15 19 -25.156
16 19 62.3099
17 19 -14.5031
0 20 -6.64911
1 20 3.56962
2 20 -33.8001
3 20 -22.2299
4 20 -9.94916
5 20 -12.6036
6 20 3.1874
7 20 3.21938
8 20 -31.7971
9 20 -6.9761
10 20 13.5241
11 20 9.32475
12 20 -3.65822
13 20 13.5762
14 20 -6.99232
15 20 1.73509
16 20 68.2537
17 20 -10.3377
0 21 -7.95932
1 21 64.4071
2 21 17.5011
3 21 -16.8267
4 21 13.2282
5 21 4.97019
6 21 -6.28013
7 21 44.055
8 21 -26.7601
9 21 -24.6067
10 21 24.1428
11 21 -22.4825
12 21 64.6987
13 21 -2.45157
14 21 -3.3828
15 21 1.51051
16 21 2.86962
17 21 -40.7366
0 22 -36.5775
1 22 -4.19405
2 22 4.35174
3 22 10.4532
4 22 17.4651
5 22 7.64913
6 22 -40.0905
7 22 28.2244
8 22 27.3531
9 22 5.24361
10 22 20.6347
11 22 10.5232
12 22 32.2024
13 22 -35.2703
14 22 7.78095
15 22 -13.0726
16 22 -1.48141
17 22 1.21522
0 23 -61.482
1 23 15.6312
2 23 -9.46368
3 23 -63.347
4 23 2.52154
5 23 -22.9318
6 23 -23.7996
7 23 -8.90526
8 23 -17.679
9 23 -45.5697
10 23 57.9515
11 23 16.9122
12 23 4.32252
13 23 -31.6958
14 23 -61.7118
15 23 1.52762
16 23 24.0864
17 23 -8.25484
0 24 -11.9433
1 24 7.25836
2 24 -7.43828
3 24 -10.7114
4 24 -22.9408
5 24 -48.4021
6 24 17.0624
7 24 -12.6966
8 24 48.8896
9 24 17.135
10 24 -28.5585
11 24 81.1407
12 24 8.76499
13 24 -9.78903
14 24 30.6611
15 24 9.52845
16 24 48.1036
17 24 32.4647
0 25 26.4316
1 25 -24.8603
2 25 39.1591
3 25 -39.5397
4 25 21.3287
5 25 2.47212
6 25 12.1622
7 25 -14.3334
8 25 53.198
9 25 -29.5188
10 25 24.739
11 25 53.0136
12 25 4.38224
13 25 -80.0883
14 25 -4.1933
15 25 6.72401
16 25 -6.24201
17 25 11.9085
0 26 20.6983
1 26 -32.8333
2 26 -35.7476
3 26 -18.1895
4 26 34.3823
5 26 22.7697
6 26 -35.1317
7 26 -65.3531
8 26 36.1331
9 26 -4.74694
10 26 50.622
11 26 -0.61581
12 26 13.9171
13 26 44.7243
14 26 -12.3016
15 26 -11.923
16 26 14.722
17 26 14.2432
0 27 37.7952
1 27 25.9345
2 27 28.0194
3 27 7.29836
4 27 12.9688
5 27 14.9236
6 27 -38.4305
7 27 -9.83755
8 27 17.5033
9 27 -33.208
10 27 30.0081
11 27 19.3532
12 27 -3.11668
13 27 7.04365
14 27 -2.81799
15 27 34.9349
16 27 19.1483
17 27 20.0255
0 28 -72.7624
1 28 43.7179
2 28 10.369
3 28 -19.8964
4 28 -11.6493
5 28 42.5963
6 28 14.7152
7 28 -18.4449
8 28 23.3763
9 28 28.5839
10 28 11.1311
11 28 25.2115
12 28 53.6847
13 28 -6.82412
14 28 -1.6973
15 28 -26.2361
16 28 -1.47637
17 28 33.8758
0 29 28.0606
1 29 44.4936
2 29 -11.1458
3 29 -21.2361
4 29 11.4041
5 29 -31.5039
6 29 -49.775
7 29 -34.9795
8 29 -19.9968
9 29 -55.3881
10 29 15.9767
11 29 60.8898
12 29 10.5889
13 29 -2.63115
14 29 15.3754
15 29 25.1806
16 29 20.279
17 29 56.8284
0 30 -32.1473
1 30 36.4684
2 30 -14.8103
3 30 -7.95896
4 30 -18.1407
5 30 -17.8184
6 30 -42.5903
7 30 15.194
8 30 -42.4046
9 30 -10.2265
10 30 -0.847866
11 30 40.9284
12 30 -43.836
13 30 11.9849
14 30 0.503206
15 30 0.718753
16 30 -22.4719
17 30 -3.24673
0 31 -15.4745
1 31 -23.3893
2 31 -32.8231
3 31 41.3783
4 31 4.49214
5 31 33.9123
6 31 33.677
7 31 -5.31602
8 31 4.02418
9 31 -2.1417
10 31 9.11672
11 31 3.59773
12 31 14.4281
13 31 12.1756
14 31 32.9228
15 31 -7.50341
16 31 65.188
17 31 -18.5205
0 32 -0.495974
1 32 14.7164
2 32 54.2132
3 32 -46.7535
4 32 -30.3849
5 32 -19.6671
6 32 -26.3979
7 32 -13.2139
8 32 -44.2179
9 32 -62.4601
10 32 7.0803
11 32 61.7584
12 32 43.4565
13 32 -1.6889
14 32 31.0924
15 32 -54.4208
16 32 -52.3046
17 32 3.24491
0 33 6.05215
1 33 7.45118
2 33 -10.7382
3 33 -21.7361
4 33 -26.5808
5 33 -19.6286
6 33 11.7955
7 33 -28.9472
8 33 41.304
9 33 -12.4197
10 33 8.16451
11 33 1.55629
12 33 54.8453
13 33 5.09552
14 33 4.72025
15 33 15.1294
16 33 -53.7886
17 33 29.3694
0 34 17.1057
1 34 -21.7185
2 34 -12.7364
3 34 7.19532
4 34 12.8644
5 34 -15.0823
6 34 14.9137
7 34 -8.64418
8 34 31.579
9 34 -28.305
10 34 -9.31204
11 34 25.6691
12 34 -70.5023
13 34 23.4771
14 34 -3.38141
15 34 -9.16746
16 34 -28.5368
17 34 18.027
0 35 -5.78898
1 35 3.44921
2 35 7.02084
3 35 -65.1504
4 35 33.9737
5 35 5.85688
6 35 26.0644
7 35 -25.6235
8 35 18.4988
9 35 -43.4687
10 35 -2.9162
11 35 19.7736
12 35 -37.5162
13 35 22.4225
14 35 18.0267
15 35 19.4634
16 35 -19.7682
17 35 3.18378
108 112 22.1192
108 113 -51.4138
108 114 9.26596
108 115 74.3312
109 112 5.1878
109 113 6.08576
109 114 13.0741
109 115 -40.3517
110 112 17.2023
110 113 -8.20152
110 114 -41.412
110 115 -8.0977
111 112 12.1133
111 113 3.50766
111 114 -1.49727
111 115 -38.2962
0 108 -0.224037
1 108 -14.8221
2 108 49.0029
3 108 73.7805
4 108 4.80809
5 108 -22.9352
6 108 19.0203
7 108 47.3526
8 108 26.0757
9 108 10.3064
10 108 69.6055
11 108 -29.8859
12 108 -53.068
13 108 1.19391
14 108 16.3593
15 108 -26.5781
16 108 -32.1608
17 108 20.821
0 109 60.5579
1 109 -32.0599
2 109 2.36817
3 109 -2.95291
4 109 22.1161
5 109 28.197
6 109 44.7815
7 109 11.716
8 109 -96.0335
9 109 -20.7924
10 109 -2.76278
11 109 -15.536
12 109 2.19143
13 109 -41.0823
14 109 -31.7237
15 109 -18.3005
16 109 31.8096
17 109 8.14505
0 110 23.4144
1 110 46.5378
2 110 -4.52926
3 110 -39.6535
4 110 23.9508
5 110 -38.6505
6 110 17.0822
7 110 3.16063
8 110 -19.8738
9 110 20.8072
10 110 12.3305
11 110 0.981154
12 110 36.7839
13 110 -17.6983
14 110 -31.5603
15 110 -42.9366
16 110 3.27891
17 110 18.6797
0 111 8.39078
1 111 -45.0002
2 111 -20.4706
3 111 33.0059
4 111 8.64201
5 111 8.23426
6 111 -34.4571
7 111 18.0015
8 111 -28.715
9 111 37.0641
10 111 18.3117
11 111 5.53867
12 111 -3.12391
13 111 27.8276
14 111 -17.7922
15 111 -26.5013
16 111 54.1355
17 111 -46.4196
