soma 116
SIGMOID
SIGMOID
SIGMOID
SIGMOID
SIGMOID
SIGMOID
SIGMOID
SIGMOID
SIGMOID
SIGMOID
SIGMOID
SIGMOID
SIGMOID
SIGMOID
SIGMOID
SIGMOID
SIGMOID
SIGMOID
SIGMOID
SIGMOID
SIGMOID
SIGMOID
SIGMOID
SIGMOID
SIGMOID
SIGMOID
SIGMOID
SIGMOID
SIGMOID
SIGMOID
SIGMOID
SIGMOID
SIGMOID
SIGMOID
SIGMOID
SIGMOID
SIGMOID
SIGMOID
SIGMOID
SIGMOID
SIGMOID
SIGMOID
SIGMOID
SIGMOID
SIGMOID
SIGMOID
SIGMOID
SIGMOID
SIGMOID
SIGMOID
SIGMOID
SIGMOID
SIGMOID
SIGMOID
SIGMOID
SIGMOID
SIGMOID
SIGMOID
SIGMOID
SIGMOID
SIGMOID
SIGMOID
SIGMOID
SIGMOID
SIGMOID
SIGMOID
SIGMOID
SIGMOID
SIGMOID
SIGMOID
SIGMOID
SIGMOID
SIGMOID
SIGMOID
SIGMOID
SIGMOID
SIGMOID
SIGMOID
SIGMOID
SIGMOID
SIGMOID
SIGMOID
SIGMOID
SIGMOID
SIGMOID
SIGMOID
SIGMOID
SIGMOID
SIGMOID
SIGMOID
SIGMOID
SIGMOID
SIGMOID
SIGMOID
SIGMOID
SIGMOID
SIGMOID
SIGMOID
SIGMOID
SIGMOID
SIGMOID
SIGMOID
SIGMOID
SIGMOID
SIGMOID
SIGMOID
SIGMOID
SIGMOID
SIGMOID
SIGMOID
SIGMOID
SIGMOID
GAUSSIAN
GAUSSIAN
GAUSSIAN
18 0 1 2 3 4 5 6 7 8 9 10 11 12 13 14 15 16 17
# input_soma output_soma weight
synapse 3328
0 36 0.28821
0 37 11.2333
0 38 0.791405
0 39 0.474701
0 40 -4.70495
0 41 12.2122
0 42 -1.50132
0 43 -4.47104
0 44 3.45303
0 45 0.637765
0 46 0.32283
0 47 7.57146
0 48 0.539438
0 49 16.2676
0 50 6.32207
0 51 6.09576
0 52 -8.92807
0 53 -2.34343
0 54 -0.624104
0 55 -1.7142
0 56 1.06469
0 57 -3.09698
0 58 -0.24163
0 59 0.341702
0 60 -0.976347
0 61 -0.796653
0 62 -0.239003
0 63 -12.4182
0 64 -8.20598
0 65 3.63278
0 66 -0.723639
0 67 1.4922
0 68 1.98256
0 69 -2.90017
0 70 -1.49434
0 71 -10.7458
1 36 -8.43496
1 37 2.84355
1 38 -3.15236
1 39 -0.2113
1 40 -0.907985
1 41 12.8795
1 42 5.04674
1 43 1.67828
1 44 2.95888
1 45 -12.62
1 46 -0.657346
1 47 5.44745
1 48 7.13408
1 49 6.54659
1 50 0.30615
1 51 -11.3238
1 52 -2.03759
1 53 -9.9627
1 54 -10.2841
1 55 -0.172789
1 56 0.177407
1 57 0.832491
1 58 3.87842
1 59 1.34907
1 60 -5.21757
1 61 -5.13785
1 62 -4.55642
1 63 -6.70221
1 64 7.07001
1 65 -8.73556
1 66 -6.77441
1 67 -10.3309
1 68 0.717651
1 69 -1.96228
1 70 5.21844
1 71 -4.28291
2 36 -2.59228
2 37 -2.28252
2 38 -10.331
2 39 6.92965
2 40 -5.01518
2 41 -3.75646
2 42 -3.3796
2 43 -3.83127
2 44 14.3079
2 45 24.1461
2 46 11.2419
2 47 8.25122
2 48 -2.76774
2 49 -6.67528
2 50 -1.94267
2 51 1.82438
2 52 15.153
2 53 1.23798
2 54 9.73426
2 55 16.9731
2 56 0.122498
2 57 -0.769499
2 58 -12.2913
2 59 13.7171
2 60 -4.39832
2 61 0.570273
2 62 -2.93125
2 63 6.56747
2 64 -8.03818
2 65 -18.2235
2 66 -8.50309
2 67 3.43904
2 68 -12.0581
2 69 -6.81133
2 70 12.7621
2 71 21.2861
3 36 19.6837
3 37 -13.8584
3 38 -6.91553
3 39 -1.03788
3 40 -9.45581
3 41 -6.94732
3 42 6.65949
3 43 3.46443
3 44 1.32543
3 45 6.41692
3 46 2.97714
3 47 -4.69719
3 48 7.42219
3 49 -5.31965
3 50 14.6336
3 51 -20.5926
3 52 19.4844
3 53 9.35543
3 54 -10.7381
3 55 -10.8392
3 56 19.6744
3 57 -9.19508
3 58 0.802295
3 59 -6.75698
3 60 -1.94009
3 61 -15.0555
3 62 -7.42349
3 63 5.79513
3 64 14.9435
3 65 -1.52081
3 66 1.13651
3 67 5.22021
3 68 -5.39907
3 69 1.45083
3 70 -1.66011
3 71 0.657671
4 36 1.38937
4 37 -2.04239
4 38 4.05928
4 39 7.49175
4 40 4.1096
4 41 10.3081
4 42 7.32632
4 43 -7.98292
4 44 -18.7815
4 45 -6.01318
4 46 -8.85262
4 47 -13.4145
4 48 2.15818
4 49 -4.40995
4 50 2.56288
4 51 -10.212
4 52 13.9804
4 53 -7.70216
4 54 -6.00029
4 55 -4.58032
4 56 2.40848
4 57 3.93227
4 58 7.87565
4 59 1.14692
4 60 -3.15919
4 61 3.92975
4 62 6.40217
4 63 3.07433
4 64 -5.81249
4 65 4.0633
4 66 1.05621
4 67 15.9449
4 68 -29.4491
4 69 9.17612
4 70 11.5687
4 71 0.796747
5 36 10.2841
5 37 -11.7685
5 38 5.31531
5 39 3.89616
5 40 14.2258
5 41 8.39284
5 42 -8.27513
5 43 2.73728
5 44 8.06208
5 45 2.00873
5 46 10.8777
5 47 9.27261
5 48 -5.29643
5 49 -0.936677
5 50 1.43386
5 51 20.6862
5 52 2.79995
5 53 -6.9547
5 54 -7.40666
5 55 -8.51431
5 56 -4.51376
5 57 -2.32991
5 58 -1.77931
5 59 -0.181944
5 60 3.54979
5 61 -22.6665
5 62 -8.18658
5 63 -8.41062
5 64 -2.18208
5 65 15.2712
5 66 0.68452
5 67 11.9294
5 68 -7.47269
5 69 -9.62757
5 70 4.94557
5 71 -14.3647
6 36 4.67582
6 37 1.94246
6 38 10.5605
6 39 3.67182
6 40 -7.65997
6 41 7.33748
6 42 -3.0295
6 43 9.48071
6 44 1.52334
6 45 6.4609
6 46 9.19834
6 47 -19.8498
6 48 -0.55456
6 49 2.44461
6 50 11.2478
6 51 -11.1633
6 52 -8.1027
6 53 8.58771
6 54 7.97788
6 55 3.32395
6 56 -11.9274
6 57 6.69721
6 58 -13.1966
6 59 -10.4109
6 60 9.14453
6 61 2.46627
6 62 -1.71964
6 63 -16.731
6 64 -10.6479
6 65 0.0568562
6 66 3.454
6 67 5.76114
6 68 8.96363
6 69 -0.70179
6 70 -5.52086
6 71 -1.66295
7 36 -6.07904
7 37 6.49094
7 38 0.516233
7 39 -4.96532
7 40 -12.2516
7 41 -2.8428
7 42 -6.66985
7 43 -7.19452
7 44 -0.1017
7 45 3.58865
7 46 13.3578
7 47 -22.9708
7 48 10.0403
7 49 9.33227
7 50 -11.4627
7 51 4.16692
7 52 -1.01136
7 53 -6.53905
7 54 -3.94014
7 55 0.673359
7 56 -10.5855
7 57 -5.16209
7 58 -12.0528
7 59 15.3038
7 60 -15.4257
7 61 -2.18339
7 62 -9.4696
7 63 3.86787
7 64 -1.85153
7 65 1.66979
7 66 15.9258
7 67 7.28966
7 68 -10.545
7 69 -16.9918
7 70 0.813918
7 71 2.07017
8 36 -2.89369
8 37 4.89501
8 38 -9.24205
8 39 7.13455
8 40 -3.81185
8 41 -4.37842
8 42 7.474
8 43 4.48491
8 44 -1.86947
8 45 -11.7592
8 46 -4.955
8 47 -3.29754
8 48 -8.17609
8 49 -8.06515
8 50 3.65222
8 51 8.76888
8 52 4.8858
8 53 -2.02288
8 54 -0.410962
8 55 -1.3659
8 56 -5.32319
8 57 12.6422
8 58 1.53035
8 59 -1.20236
8 60 4.16905
8 61 0.140918
8 62 14.7758
8 63 4.49272
8 64 -2.85291
8 65 -0.400821
8 66 -22.3978
8 67 2.7441
8 68 -6.27889
8 69 7.88855
8 70 -5.06444
8 71 -0.722519
9 36 -2.03968
9 37 -9.86338
9 38 -3.74
9 39 -10.2981
9 40 0.760214
9 41 -8.48537
9 42 14.9807
9 43 4.56394
9 44 -1.68116
9 45 -4.71677
9 46 -5.4186
9 47 -4.11021
9 48 10.3098
9 49 -8.64064
9 50 3.91577
9 51 -8.50078
9 52 2.49185
9 53 -1.11052
9 54 -5.59806
9 55 4.27468
9 56 11.7046
9 57 15.2746
9 58 2.26921
9 59 -16.1209
9 60 -2.99315
9 61 13.6569
9 62 4.02303
9 63 6.1843
9 64 -6.39665
9 65 4.66282
9 66 -7.21184
9 67 -21.1267
9 68 11.0184
9 69 4.55138
9 70 -12.9983
9 71 0.540449
10 36 -3.9939
10 37 -0.077309
10 38 -14.4701
10 39 2.75978
10 40 1.37274
10 41 5.26694
10 42 -3.8794
10 43 2.03433
10 44 -7.44953
10 45 3.59668
10 46 -7.27002
10 47 -7.18146
10 48 9.5911
10 49 6.31606
10 50 -11.6539
10 51 -6.59532
10 52 -13.4845
10 53 2.03643
10 54 9.52405
10 55 -7.60939
10 56 -1.29708
10 57 -6.32748
10 58 3.78404
10 59 7.11937
10 60 -4.72031
10 61 0.359063
10 62 -2.06727
10 63 -3.81585
10 64 -9.54121
10 65 12.137
10 66 3.6137
10 67 -7.67345
10 68 0.440556
10 69 -8.28232
10 70 5.21996
10 71 -0.678339
11 36 -4.22148
11 37 -5.46108
11 38 -9.73542
11 39 6.12594
11 40 0.18673
11 41 8.44274
11 42 15.776
11 43 -0.695079
11 44 4.39827
11 45 -10.1233
11 46 6.30273
11 47 -2.0631
11 48 -0.920566
11 49 -7.04734
11 50 -1.23194
11 51 14.6986
11 52 -2.58967
11 53 9.39525
11 54 0.502628
11 55 4.08624
11 56 -13.1328
11 57 20.0957
11 58 5.97601
11 59 4.87437
11 60 -12.1553
11 61 0.328428
11 62 -12.6997
11 63 -9.42821
11 64 -4.11069
11 65 -8.85136
11 66 -9.24961
11 67 -5.81604
11 68 -9.46049
11 69 -0.554887
11 70 5.65046
11 71 -20.1522
12 36 -15.4237
12 37 -9.84766
12 38 9.77369
12 39 -0.29628
12 40 -12.0642
12 41 -26.065
12 42 -0.492015
12 43 3.62165
12 44 8.95343
12 45 -0.0635321
12 46 -0.185307
12 47 -2.41348
12 48 -10.6367
12 49 14.4726
12 50 7.96329
12 51 -0.468164
12 52 3.52614
12 53 -4.74707
12 54 -11.0233
12 55 -11.9621
12 56 2.37512
12 57 -7.63035
12 58 -6.40736
12 59 -2.35658
12 60 -11.6932
12 61 -3.74895
12 62 -6.02165
12 63 -2.42715
12 64 -7.8363
12 65 0.947909
12 66 -15.584
12 67 1.78338
12 68 -14.4513
12 69 -2.69798
12 70 12.6032
12 71 15.8653
13 36 -0.227335
13 37 6.82722
13 38 1.48776
13 39 0.0922695
13 40 -7.26975
13 41 2.0954
13 42 -0.198796
13 43 -2.98379
13 44 -2.94968
13 45 -3.57234
13 46 -4.14513
13 47 -4.5245
13 48 3.18593
13 49 1.06314
13 50 11.1013
13 51 -3.55278
13 52 1.2989
13 53 -9.49102
13 54 1.04165
13 55 -5.97151
13 56 1.35836
13 57 6.29061
13 58 2.40526
13 59 -3.79042
13 60 1.25082
13 61 10.9064
13 62 -2.04456
13 63 0.865709
13 64 2.95466
13 65 -6.0698
13 66 -11.8059
13 67 -15.5982
13 68 -5.16843
13 69 1.46371
13 70 10.9
13 71 10.0619
14 36 -1.05092
14 37 1.07739
14 38 -11.7156
14 39 -10.9512
14 40 14.7675
14 41 -20.4472
14 42 -3.47213
14 43 7.33471
14 44 11.9519
14 45 1.89754
14 46 -1.11979
14 47 16.9154
14 48 -0.842741
14 49 -18.6531
14 50 -2.35728
14 51 2.70534
14 52 -4.2455
14 53 9.83307
14 54 1.98286
14 55 17.7608
14 56 0.544265
14 57 -0.940679
14 58 -4.0835
14 59 0.628528
14 60 -12.9971
14 61 6.52162
14 62 8.15566
14 63 0.196865
14 64 -3.28838
14 65 -6.89036
14 66 -3.45749
14 67 -6.02796
14 68 -16.1424
14 69 -7.04926
14 70 -8.22531
14 71 16.489
15 36 -4.01894
15 37 -18.9794
15 38 -2.66498
15 39 -3.06148
15 40 -4.49119
15 41 -3.41628
15 42 7.40889
15 43 -9.66712
15 44 -0.892544
15 45 -4.99269
15 46 4.50167
15 47 -4.38701
15 48 -2.90906
15 49 -3.73674
15 50 3.23177
15 51 -3.56548
15 52 4.01559
15 53 -8.36558
15 54 1.66668
15 55 -11.6107
15 56 -8.40912
15 57 4.64705
15 58 2.02183
15 59 4.46384
15 60 12.6873
15 61 -1.22573
15 62 10.6129
15 63 6.61525
15 64 -7.27865
15 65 -1.75348
15 66 4.44427
15 67 -6.62278
15 68 7.85672
15 69 8.98118
15 70 5.12736
15 71 0.363506
16 36 14.1817
16 37 12.5194
16 38 -0.234511
16 39 -5.41961
16 40 4.93094
16 41 7.53302
16 42 -6.79669
16 43 9.13325
16 44 1.08863
16 45 4.28822
16 46 -9.85073
16 47 -1.96647
16 48 -9.38649
16 49 5.82287
16 50 21.1481
16 51 -2.79806
16 52 -3.13252
16 53 8.77692
16 54 9.7998
16 55 -6.81478
16 56 -6.71495
16 57 -10.6031
16 58 -6.4614
16 59 -0.0834356
16 60 -1.66437
16 61 4.4098
16 62 -9.15897
16 63 -16.453
16 64 -2.73714
16 65 11.5715
16 66 8.48698
16 67 4.08452
16 68 -1.13895
16 69 -5.93906
16 70 4.0404
16 71 0.00979907
17 36 9.89244
17 37 -12.4125
17 38 -4.63687
17 39 -7.43895
17 40 -5.17383
17 41 6.47072
17 42 -4.50353
17 43 -6.7121
17 44 12.0031
17 45 9.22416
17 46 5.96682
17 47 12.6337
17 48 4.60016
17 49 1.03857
17 50 -15.6877
17 51 -0.0621945
17 52 -4.55192
17 53 -18.0288
17 54 -8.60953
17 55 -2.93867
17 56 -3.90812
17 57 -14.0219
17 58 6.1309
17 59 13.8517
17 60 7.11546
17 61 -8.11804
17 62 -0.492543
17 63 -2.47687
17 64 -1.9958
17 65 15.782
17 66 -14.6586
17 67 15.5324
17 68 -11.5191
17 69 -1.74429
17 70 -11.7888
17 71 1.06211
18 36 3.89387
18 37 -9.08844
18 38 -7.14597
18 39 -0.729125
18 40 -16.0441
18 41 -2.24931
18 42 -9.5009
18 43 -0.582675
18 44 0.558148
18 45 -13.6922
18 46 8.8226
18 47 -2.16204
18 48 10.5971
18 49 2.47538
18 50 2.26541
18 51 0.690174
18 52 -11.7962
18 53 -8.72713
18 54 -1.39072
18 55 -9.94616
18 56 0.955545
18 57 14.4895
18 58 -5.22213
18 59 -15.644
18 60 4.85308
18 61 11.9404
18 62 0.738135
18 63 -10.7761
18 64 11.8588
18 65 0.538578
18 66 9.10595
18 67 4.69215
18 68 14.2677
18 69 12.2637
18 70 -1.24968
18 71 -0.880887
19 36 -0.538496
19 37 0.24702
19 38 0.557801
19 39 -11.2375
19 40 -5.03826
19 41 -11.426
19 42 16.2355
19 43 -0.327837
19 44 -18.6466
19 45 -14.1966
19 46 2.97384
19 47 -16.1003
19 48 6.46191
19 49 -5.62387
19 50 1.82019
19 51 -2.82429
19 52 -22.901
19 53 3.5703
19 54 -6.11743
19 55 0.242657
19 56 -3.60682
19 57 1.56774
19 58 -7.81041
19 59 0.0314661
19 60 10.0614
19 61 -4.18823
19 62 -2.97602
19 63 -10.3462
19 64 1.13419
19 65 -18.5868
19 66 -7.75269
19 67 0.0371531
19 68 1.22792
19 69 -5.2953
19 70 21.6175
19 71 -5.45808
20 36 -13.8693
20 37 -1.57994
20 38 5.53489
20 39 7.00705
20 40 2.13287
20 41 6.36357
20 42 -4.65911
20 43 9.3749
20 44 6.30387
20 45 3.15557
20 46 -0.814479
20 47 6.18662
20 48 6.46766
20 49 -0.10399
20 50 1.42498
20 51 7.93586
20 52 -5.51642
20 53 -11.8498
20 54 -1.9258
20 55 -7.14673
20 56 1.22754
20 57 18.1959
20 58 -10.9792
20 59 -16.6408
20 60 5.68357
20 61 -7.74731
20 62 6.80707
20 63 -2.79381
20 64 12.3034
20 65 0.274766
20 66 -2.79536
20 67 -9.96023
20 68 -6.11019
20 69 0.702071
20 70 16.3704
20 71 7.93191
21 36 7.19366
21 37 21.4379
21 38 -4.41194
21 39 -3.21119
21 40 0.362148
21 41 1.12236
21 42 9.84689
21 43 -8.36863
21 44 2.28844
21 45 4.49447
21 46 -7.22203
21 47 8.53169
21 48 -0.232272
21 49 1.48708
21 50 5.34257
21 51 6.70457
21 52 -5.04812
21 53 -2.83278
21 54 -3.83941
21 55 -5.82688
21 56 -1.47224
21 57 -11.1467
21 58 -3.04259
21 59 1.58816
21 60 5.56398
21 61 -12.4961
21 62 7.35706
21 63 -9.10403
21 64 0.257222
21 65 -5.57439
21 66 -2.43793
21 67 -5.61125
21 68 -7.15452
21 69 2.0871
21 70 0.122844
21 71 9.10517
22 36 -1.8974
22 37 5.51912
22 38 3.49274
22 39 7.38993
22 40 3.42087
22 41 -4.22886
22 42 0.846098
22 43 -2.95297
22 44 -0.139544
22 45 0.133652
22 46 -6.93916
22 47 -11.1228
22 48 10.485
22 49 -0.122764
22 50 -1.71117
22 51 -18.2639
22 52 -10.6346
22 53 6.33794
22 54 -7.54227
22 55 1.88876
22 56 1.49588
22 57 10.1517
22 58 -3.13141
22 59 3.13778
22 60 0.526651
22 61 17.8053
22 62 -0.00559109
22 63 -12.7887
22 64 -5.74539
22 65 -2.0881
22 66 -9.4413
22 67 3.13675
22 68 0.0633735
22 69 -0.557789
22 70 -3.56466
22 71 -1.12518
23 36 -2.41304
23 37 5.6857
23 38 -6.59941
23 39 -4.40602
23 40 3.42903
23 41 0.615234
23 42 -1.30532
23 43 -11.8134
23 44 -0.94191
23 45 -3.37876
23 46 -0.624646
23 47 -0.447393
23 48 13.9724
23 49 -4.60646
23 50 -2.63295
23 51 14.662
23 52 -6.98374
23 53 3.38758
23 54 15.2165
23 55 7.75491
23 56 7.59039
23 57 8.16822
23 58 2.39267
23 59 1.13167
23 60 5.75602
23 61 6.00601
23 62 2.74472
23 63 -2.2936
23 64 1.33204
23 65 0.138695
23 66 -8.15429
23 67 -12.3564
23 68 -9.38272
23 69 -1.81262
23 70 -3.69456
23 71 -3.23812
24 36 -2.5964
24 37 0.155087
24 38 -8.75935
24 39 -2.87269
24 40 7.17833
24 41 -8.58958
24 42 3.65857
24 43 -5.56963
24 44 -4.44457
24 45 1.11962
24 46 3.04725
24 47 2.84013
24 48 1.1469
24 49 0.888141
24 50 -1.70222
24 51 4.15768
24 52 6.09096
24 53 -3.43643
24 54 -7.04625
24 55 3.82073
24 56 -4.56576
24 57 -4.641
24 58 -0.378837
24 59 2.20893
24 60 -6.29902
24 61 4.55527
24 62 2.3575
24 63 -0.80357
24 64 10.1336
24 65 -8.5626
24 66 -13.5502
24 67 10.1116
24 68 -0.529051
24 69 3.02801
24 70 -8.82277
24 71 4.46661
25 36 8.65957
25 37 0.746873
25 38 2.3325
25 39 2.05224
25 40 15.2138
25 41 -2.04691
25 42 9.50957
25 43 1.82932
25 44 0.382406
25 45 -1.65511
25 46 -2.01049
25 47 17.142
25 48 0.0913054
25 49 -8.75649
25 50 2.59592
25 51 5.36885
25 52 2.61239
25 53 -1.63454
25 54 6.33483
25 55 -16.3899
25 56 1.1362
25 57 -2.64748
25 58 1.7322
25 59 16.3278
25 60 0.231996
25 61 12.438
25 62 -4.44164
25 63 -5.53465
25 64 7.95468
25 65 0.144975
25 66 -0.25692
25 67 -1.24474
25 68 -10.5983
25 69 1.63061
25 70 4.84982
25 71 5.77605
26 36 -1.30581
26 37 12.386
26 38 12.0246
26 39 1.47037
26 40 2.18954
26 41 6.21575
26 42 -5.04281
26 43 1.98381
26 44 -6.87683
26 45 -7.86285
26 46 -15.6031
26 47 1.69766
26 48 -3.48349
26 49 -2.79438
26 50 -3.80628
26 51 -11.0183
26 52 -2.08639
26 53 -4.53809
26 54 5.84992
26 55 1.12987
26 56 9.51495
26 57 0.477711
26 58 -6.52453
26 59 16.2788
26 60 6.77754
26 61 0.241897
26 62 -3.19166
26 63 -4.86548
26 64 -0.549129
26 65 -6.10227
26 66 0.415326
26 67 -0.352353
26 68 4.24904
26 69 -17.4224
26 70 -4.50128
26 71 -3.85181
27 36 -17.2921
27 37 -15.5845
27 38 5.74899
27 39 -8.64963
27 40 5.44293
27 41 -4.89894
27 42 -7.86293
27 43 4.12908
27 44 -8.98832
27 45 9.90129
27 46 2.65707
27 47 -2.36322
27 48 -8.84809
27 49 -2.00064
27 50 -11.2246
27 51 13.9088
27 52 -18.0275
27 53 -5.31532
27 54 -1.93576
27 55 13.7227
27 56 -1.60431
27 57 -8.12126
27 58 -1.42697
27 59 4.53626
27 60 -15.0301
27 61 -12.6919
27 62 4.18993
27 63 -5.0099
27 64 -0.820145
27 65 1.70232
27 66 6.59675
27 67 -2.82702
27 68 0.724665
27 69 8.54359
27 70 10.622
27 71 -0.140494
28 36 8.90563
28 37 -23.5364
28 38 -6.57749
28 39 7.7872
28 40 6.88908
28 41 -2.56574
28 42 8.18046
28 43 0.311099
28 44 -5.80964
28 45 9.8565
28 46 3.67214
28 47 -19.8491
28 48 -10.8929
28 49 9.89731
28 50 2.08015
28 51 -15.8878
28 52 6.0488
28 53 -3.63313
28 54 3.25355
28 55 14.6433
28 56 -7.39162
28 57 -6.71823
28 58 -8.87061
28 59 -1.97775
28 60 -15.8265
28 61 3.07313
28 62 -0.919998
28 63 8.92957
28 64 2.62113
28 65 -0.887624
28 66 4.65806
28 67 -13.1782
28 68 -0.00832326
28 69 -6.39726
28 70 -1.37157
28 71 0.489516
29 36 6.91419
29 37 -8.40864
29 38 16.2582
29 39 -2.94103
29 40 -14.4406
29 41 3.82845
29 42 -2.38676
29 43 19.8705
29 44 3.26787
29 45 -4.19731
29 46 -2.28579
29 47 2.62281
29 48 -1.41437
29 49 -6.69245
29 50 -1.65662
29 51 0.703527
29 52 1.67792
29 53 -10.0193
29 54 13.1854
29 55 16.9351
29 56 -5.68975
29 57 -0.646732
29 58 -7.74373
29 59 -2.75609
29 60 6.77976
29 61 -18.7942
29 62 3.29233
29 63 0.634343
29 64 7.67083
29 65 -2.022
29 66 -6.14045
29 67 -10.885
29 68 -1.04001
29 69 6.77456
29 70 2.83082
29 71 -6.43063
30 36 -3.34678
30 37 -5.00059
30 38 1.25157
30 39 3.93831
30 40 9.08115
30 41 2.16681
30 42 23.308
30 43 -8.72432
30 44 6.80492
30 45 -4.01708
30 46 -9.33211
30 47 -0.493266
30 48 3.64228
30 49 -5.73108
30 50 -9.45334
30 51 -8.77806
30 52 -10.0437
30 53 -1.38818
30 54 3.07249
30 55 -26.2835
30 56 -14.7046
30 57 0.963834
30 58 -18.9847
30 59 -9.1565
30 60 0.686376
30 61 -1.35627
30 62 -5.32823
30 63 -13.9002
30 64 -10.2485
30 65 -4.80906
30 66 1.91127
30 67 -13.6424
30 68 6.75674
30 69 2.9551
30 70 5.15607
30 71 3.0458
31 36 -6.73619
31 37 2.04919
31 38 -0.984407
31 39 1.54508
31 40 -2.42929
31 41 7.54993
31 42 2.44191
31 43 -12.3009
31 44 14.8649
31 45 12.5999
31 46 2.28226
31 47 -6.83292
31 48 6.8699
31 49 -22.465
31 50 -2.00529
31 51 5.09492
31 52 -2.62147
31 53 -10.3511
31 54 4.5693
31 55 -4.03376
31 56 8.87201
31 57 19.3294
31 58 5.15597
31 59 11.8396
31 60 -1.24814
31 61 -2.96676
31 62 1.17927
31 63 13.1709
31 64 3.91671
31 65 4.70168
31 66 -0.46549
31 67 18.6468
31 68 2.40682
31 69 -5.43124
31 70 -6.25569
31 71 -1.59794
32 36 -16.3977
32 37 -2.84234
32 38 -6.90602
32 39 8.62436
32 40 -7.14582
32 41 -3.08593
32 42 2.5457
32 43 -3.22774
32 44 5.42717
32 45 -4.15089
32 46 3.26612
32 47 -0.53575
32 48 -16.6364
32 49 2.28324
32 50 -1.65093
32 51 -6.39344
32 52 -6.50237
32 53 -3.27347
32 54 9.11957
32 55 4.10113
32 56 -13.5668
32 57 11.6356
32 58 -2.97035
32 59 3.13837
32 60 7.22748
32 61 2.7345
32 62 1.39118
32 63 4.5964
32 64 4.60977
32 65 5.91269
32 66 -14.1775
32 67 -2.772
32 68 -1.66236
32 69 -6.64383
32 70 -4.7643
32 71 3.05443
33 36 -1.05322
33 37 11.003
33 38 -10.2618
33 39 4.69512
33 40 9.96008
33 41 -3.55396
33 42 -12.8816
33 43 -8.58859
33 44 -12.6315
33 45 8.30705
33 46 -1.78285
33 47 6.96044
33 48 4.88663
33 49 10.9113
33 50 -6.55335
33 51 7.21326
33 52 6.49436
33 53 10.6953
33 54 3.87175
33 55 6.78727
33 56 6.42955
33 57 -2.05516
33 58 13.8993
33 59 -9.66675
33 60 -11.4159
33 61 3.08912
33 62 16.7707
33 63 7.45379
33 64 12.0642
33 65 -0.0277504
33 66 9.21281
33 67 2.057
33 68 -4.04961
33 69 -3.71582
33 70 -6.80683
33 71 11.0615
34 36 1.07948
34 37 3.5845
34 38 0.570013
34 39 9.22196
34 40 -11.176
34 41 9.83507
34 42 15.0872
34 43 -5.84734
34 44 -1.31436
34 45 4.45008
34 46 -3.53328
34 47 0.920903
34 48 -0.730538
34 49 -3.87516
34 50 -0.7796
34 51 -1.90728
34 52 0.614251
34 53 3.1099
34 54 -3.75173
34 55 1.15438
34 56 7.83227
34 57 12.5753
34 58 -7.99219
34 59 -1.8243
34 60 -1.76306
34 61 -0.443035
34 62 9.19644
34 63 -7.45253
34 64 6.6002
34 65 -0.0609886
34 66 -4.82689
34 67 -4.3605
34 68 -4.88856
34 69 8.44563
34 70 4.71499
34 71 -13.0924
35 36 -0.798929
35 37 13.8963
35 38 -4.79715
35 39 -4.17084
35 40 -32.9713
35 41 7.40362
35 42 6.31288
35 43 7.17507
35 44 -23.7088
35 45 8.78952
35 46 3.55005
35 47 1.65311
35 48 -13.2665
35 49 -8.3204
35 50 3.88843
35 51 -7.25584
35 52 -6.81057
35 53 5.30084
35 54 1.34497
35 55 12.0384
35 56 4.38793
35 57 0.693011
35 58 3.17885
35 59 2.55325
35 60 -3.56339
35 61 4.02039
35 62 -8.62645
35 63 -8.9104
35 64 10.6812
35 65 7.96592
35 66 -2.07757
35 67 -5.20847
35 68 -4.11854
35 69 -1.97625
35 70 3.81202
35 71 0.810211
36 72 -4.34226
36 73 -7.20849
36 74 -1.54074
36 75 -2.44997
36 76 11.3229
36 77 -0.843602
36 78 11.8527
36 79 -13.2632
36 80 -2.88632
36 81 -8.6029
36 82 -8.1611
36 83 -2.65557
36 84 1.66074
36 85 -14.9613
36 86 5.00807
36 87 -10.5533
36 88 6.72341
36 89 6.16584
36 90 6.87926
36 91 -1.4375
36 92 -2.95268
36 93 2.34272
36 94 -2.27001
36 95 0.148103
36 96 -7.98633
36 97 -1.86792
36 98 4.10249
36 99 -3.4027
36 100 -7.04746
36 101 1.60797
36 102 10.3612
36 103 3.11589
36 104 -10.5573
36 105 9.40194
36 106 21.5682
36 107 2.99984
37 72 0.171489
37 73 -1.93326
37 74 2.3555
37 75 -2.0377
37 76 -4.57956
37 77 25.9864
37 78 -1.16025
37 79 -0.128518
37 80 2.73564
37 81 9.43648
37 82 8.2642
37 83 11.2211
37 84 5.62497
37 85 10.0543
37 86 -0.238012
37 87 8.42729
37 88 -2.51615
37 89 -5.18497
37 90 -7.79544
37 91 0.466689
37 92 18.8916
37 93 2.43382
37 94 -9.0151
37 95 -3.53129
37 96 -7.4113
37 97 0.384278
37 98 7.35131
37 99 -26.3565
37 100 -8.10456
37 101 -6.05563
37 102 11.3381
37 103 11.1688
37 104 -6.69003
37 105 5.11525
37 106 12.7912
37 107 7.09916
38 72 -5.69347
38 73 7.3637
38 74 11.3728
38 75 -7.10909
38 76 20.2438
38 77 2.86345
38 78 -4.54448
38 79 2.15287
38 80 -5.26504
38 81 3.64341
38 82 6.33741
38 83 12.5219
38 84 2.62856
38 85 -2.23087
38 86 -5.90666
38 87 -11.99
38 88 -11.5737
38 89 6.1032
38 90 -4.0272
38 91 -8.31256
38 92 8.70965
38 93 -1.8285
38 94 2.33701
38 95 -5.0201
38 96 7.44926
38 97 6.1128
38 98 -4.16598
38 99 -0.514238
38 100 2.54631
38 101 2.61643
38 102 5.75567
38 103 -11.1679
38 104 2.38872
38 105 0.53964
38 106 19.445
38 107 0.959111
39 72 -0.349491
39 73 -7.80156
39 74 -11.3032
39 75 9.98101
39 76 4.30889
39 77 -6.42958
39 78 2.27636
39 79 -10.7876
39 80 12.7473
39 81 -1.53607
39 82 -4.05428
39 83 7.26173
39 84 7.37408
39 85 -8.14931
39 86 -0.555535
39 87 -10.033
39 88 -2.91794
39 89 14.9404
39 90 3.23416
39 91 13.8007
39 92 11.2003
39 93 3.81671
39 94 -3.75246
39 95 -3.55273
39 96 -1.86381
39 97 4.62299
39 98 4.55788
39 99 -0.90448
39 100 10.2185
39 101 2.15725
39 102 1.0294
39 103 -15.5894
39 104 -11.6973
39 105 8.22427
39 106 -2.57507
39 107 -7.05766
40 72 -8.69003
40 73 4.62868
40 74 -7.05909
40 75 2.31223
40 76 4.82657
40 77 6.72909
40 78 10.7019
40 79 1.81126
40 80 10.9224
40 81 17.7784
40 82 -8.0937
40 83 0.937155
40 84 0.327443
40 85 -5.12523
40 86 -2.47442
40 87 -6.48288
40 88 13.4681
40 89 0.280356
40 90 8.2903
40 91 -0.212774
40 92 -1.65164
40 93 8.89048
40 94 -6.24956
40 95 -11.3768
40 96 -11.1212
40 97 -6.21263
40 98 -1.0132
40 99 1.64084
40 100 -11.1508
40 101 5.78333
40 102 -4.43554
40 103 1.81809
40 104 3.89445
40 105 -1.68258
40 106 2.3469
40 107 -0.928448
41 72 2.18265
41 73 -15.8577
41 74 -3.28648
41 75 -10.7822
41 76 -8.67406
41 77 9.52421
41 78 -4.29982
41 79 10.5034
41 80 -9.234
41 81 -6.29032
41 82 -1.9961
41 83 -4.64072
41 84 -14.7738
41 85 -11.6711
41 86 -2.39387
41 87 0.956228
41 88 6.57774
41 89 19.674
41 90 -7.85948
41 91 8.01765
41 92 -1.77851
41 93 2.09494
41 94 9.40576
41 95 11.0478
41 96 3.4378
41 97 0.316462
41 98 -0.420201
41 99 -10.1533
41 100 7.21541
41 101 -1.56994
41 102 14.1362
41 103 -1.14403
41 104 2.48108
41 105 -3.44327
41 106 8.72143
41 107 -10.5921
42 72 -5.64762
42 73 10.1684
42 74 -3.09858
42 75 15.1759
42 76 12.428
42 77 -3.83386
42 78 4.04054
42 79 -2.20666
42 80 5.23517
42 81 7.05963
42 82 -2.2353
42 83 -18.6286
42 84 -1.61012
42 85 -5.45505
42 86 -1.33086
42 87 -0.256139
42 88 -4.89682
42 89 1.07811
42 90 13.5872
42 91 11.109
42 92 13.8137
42 93 -1.64749
42 94 3.59212
42 95 6.91897
42 96 9.39438
42 97 -2.66888
42 98 9.47188
42 99 6.00368
42 100 -6.92328
42 101 -14.3198
42 102 2.97165
42 103 -2.34866
42 104 2.08275
42 105 -5.81126
42 106 16.431
42 107 -7.97076
43 72 -1.81436
43 73 1.80619
43 74 1.12159
43 75 -8.7541
43 76 8.38862
43 77 -1.23575
43 78 10.463
43 79 2.0888
43 80 4.98682
43 81 2.38935
43 82 -7.84037
43 83 0.582221
43 84 -3.55874
43 85 -0.0017098
43 86 1.68901
43 87 10.7998
43 88 12.8937
43 89 -10.2589
43 90 3.09976
43 91 22.1047
43 92 -10.641
43 93 8.07739
43 94 -1.56877
43 95 16.1136
43 96 -6.7201
43 97 -3.83604
43 98 1.89683
43 99 2.24706
43 100 7.77451
43 101 -0.759578
43 102 6.1492
43 103 0.702107
43 104 -5.11427
43 105 -0.371342
43 106 -10.7555
43 107 -10.8017
44 72 -15.9432
44 73 0.605644
44 74 -5.64081
44 75 6.46067
44 76 -11.9771
44 77 7.43716
44 78 -9.26161
44 79 7.97421
44 80 11.5003
44 81 -2.21293
44 82 -2.33045
44 83 -11.5683
44 84 -13.3468
44 85 5.64433
44 86 5.31332
44 87 -6.1043
44 88 0.681499
44 89 -14.7074
44 90 -4.50434
44 91 -1.84115
44 92 -5.84869
44 93 -8.67273
44 94 6.41616
44 95 -1.97908
44 96 1.46802
44 97 3.60019
44 98 -1.68031
44 99 18.792
44 100 -10.407
44 101 -4.27535
44 102 4.21359
44 103 7.24802
44 104 2.26812
44 105 -6.1748
44 106 4.91894
44 107 -7.52709
45 72 6.16411
45 73 9.8368
45 74 2.44553
45 75 -1.17033
45 76 1.94209
45 77 -3.66495
45 78 12.7812
45 79 4.92925
45 80 15.3814
45 81 2.68459
45 82 -10.2958
45 83 -3.37055
45 84 -2.83986
45 85 -0.726067
45 86 -2.27909
45 87 -2.20557
45 88 0.323489
45 89 9.97503
45 90 7.28928
45 91 -0.129648
45 92 11.6002
45 93 9.84318
45 94 14.1575
45 95 -3.99563
45 96 5.98489
45 97 -8.8189
45 98 6.06588
45 99 1.32451
45 100 18.3146
45 101 -1.07965
45 102 -0.551106
45 103 1.4934
45 104 22.5064
45 105 -11.1497
45 106 2.61324
45 107 7.08757
46 72 12.5
46 73 5.26456
46 74 -2.57668
46 75 -15.457
46 76 -8.52917
46 77 -7.14774
46 78 -7.76908
46 79 10.3617
46 80 8.45596
46 81 -5.44255
46 82 -1.0914
46 83 -3.86424
46 84 5.44919
46 85 2.49517
46 86 -3.26479
46 87 -7.52434
46 88 17.998
46 89 0.833019
46 90 17.0319
46 91 -3.00043
46 92 -7.01633
46 93 -4.08086
46 94 -10.7946
46 95 2.06622
46 96 -6.63947
46 97 1.85212
46 98 -11.7105
46 99 0.990307
46 100 10.3327
46 101 3.19836
46 102 -1.10106
46 103 -8.86153
46 104 6.41053
46 105 13.7587
46 106 6.44878
46 107 7.95864
47 72 4.41157
47 73 -4.75866
47 74 11.6718
47 75 7.87114
47 76 -6.217
47 77 8.5698
47 78 10.2418
47 79 -6.81501
47 80 -2.44984
47 81 -15.1211
47 82 5.1298
47 83 1.63812
47 84 15.4863
47 85 2.6505
47 86 15.109
47 87 8.74938
47 88 6.21403
47 89 -0.338095
47 90 -13.6634
47 91 -4.00823
47 92 5.96531
47 93 -2.58468
47 94 9.16416
47 95 4.66162
47 96 13.2102
47 97 -4.69639
47 98 9.3696
47 99 15.0276
47 100 -14.5492
47 101 -1.29464
47 102 7.81769
47 103 -7.9822
47 104 -4.57492
47 105 7.48173
47 106 -0.5918
47 107 -6.25678
48 72 8.48204
48 73 1.00184
48 74 -5.2297
48 75 -2.65997
48 76 8.60047
48 77 2.63445
48 78 3.57909
48 79 7.31641
48 80 0.652676
48 81 0.421054
48 82 10.4871
48 83 -7.17638
48 84 -10.7468
48 85 -9.74583
48 86 7.35333
48 87 -13.9274
48 88 -1.46095
48 89 -0.526377
48 90 -13.976
48 91 5.36494
48 92 -7.11854
48 93 6.61838
48 94 0.694334
48 95 10.6138
48 96 -4.63625
48 97 2.00316
48 98 4.81677
48 99 -3.62719
48 100 -2.57482
48 101 3.04158
48 102 2.02139
48 103 -10.6281
48 104 -3.79447
48 105 -2.98109
48 106 4.42048
48 107 1.55119
49 72 -15.7339
49 73 -2.12902
49 74 -13.6231
49 75 5.02788
49 76 -11.7078
49 77 8.47894
49 78 -12.0097
49 79 25.7255
49 80 -5.24819
49 81 18.4814
49 82 -6.03337
49 83 8.97895
49 84 1.28993
49 85 -4.5292
49 86 5.18481
49 87 2.62893
49 88 12.0696
49 89 -1.46987
49 90 -9.17015
49 91 -11.9388
49 92 -8.58883
49 93 -3.31275
49 94 0.635345
49 95 13.027
49 96 7.00064
49 97 3.07542
49 98 -16.1702
49 99 3.71505
49 100 -6.04488
49 101 -11.388
49 102 -8.96124
49 103 -14.0596
49 104 -0.882145
49 105 6.10333
49 106 1.41968
49 107 1.14216
50 72 -1.46356
50 73 -1.77187
50 74 4.48324
50 75 -3.54786
50 76 6.56558
50 77 5.2544
50 78 -17.732
50 79 -5.01344
50 80 -5.37404
50 81 -12.7777
50 82 5.08291
50 83 -8.51379
50 84 -3.59314
50 85 -7.84172
50 86 12.021
50 87 -12.6935
50 88 5.66538
50 89 -0.0219605
50 90 6.78687
50 91 13.2682
50 92 -4.53509
50 93 -5.82913
50 94 2.7647
50 95 -6.1629
50 96 3.77824
50 97 -0.967548
50 98 -9.33593
50 99 12.31
50 100 3.569
50 101 -0.406791
50 102 -2.77058
50 103 1.22248
50 104 3.22132
50 105 15.7161
50 106 3.97928
50 107 2.45787
51 72 -3.56286
51 73 2.68623
51 74 -9.62669
51 75 -10.0665
51 76 -9.63946
51 77 10.4117
51 78 6.20175
51 79 18.0235
51 80 10.5722
51 81 -2.87532
51 82 -5.0465
51 83 17.4456
51 84 -5.09319
51 85 -1.47034
51 86 -6.26158
51 87 -4.65241
51 88 9.14193
51 89 4.14102
51 90 8.70114
51 91 -4.88766
51 92 -2.42712
51 93 1.03744
51 94 -2.3546
51 95 8.6878
51 96 -5.57184
51 97 -9.4732
51 98 1.85188
51 99 -14.7948
51 100 -2.39421
51 101 -1.01903
51 102 2.44549
51 103 3.64318
51 104 0.202331
51 105 -2.78055
51 106 -15.2594
51 107 -9.14018
52 72 -16.5691
52 73 0.364323
52 74 -12.4145
52 75 -4.69857
52 76 -7.77509
52 77 -3.77729
52 78 -16.0717
52 79 0.939369
52 80 1.06006
52 81 0.332387
52 82 -8.03786
52 83 1.92773
52 84 4.01277
52 85 -6.66292
52 86 6.27529
52 87 -10.9079
52 88 -7.62852
52 89 0.344005
52 90 -4.66327
52 91 -6.05261
52 92 -0.617144
52 93 6.85347
52 94 -14.9002
52 95 0.0420374
52 96 8.69239
52 97 8.20888
52 98 12.8183
52 99 1.62819
52 100 -1.79872
52 101 -0.432717
52 102 -3.38957
52 103 9.41561
52 104 -7.3611
52 105 -4.96626
52 106 8.70543
52 107 3.97785
53 72 7.91451
53 73 -16.7244
53 74 -1.52629
53 75 -1.05237
53 76 -7.74346
53 77 5.36811
53 78 6.63716
53 79 10.0155
53 80 7.0134
53 81 1.63271
53 82 7.32872
53 83 0.324972
53 84 0.48817
53 85 1.92289
53 86 -6.24276
53 87 8.45146
53 88 -15.5069
53 89 -6.16599
53 90 5.52424
53 91 -3.88771
53 92 10.3828
53 93 0.827242
53 94 -2.13954
53 95 5.45731
53 96 -5.41575
53 97 20.223
53 98 12.5059
53 99 -2.81431
53 100 -3.22225
53 101 -1.71332
53 102 -6.30304
53 103 5.86531
53 104 0.159338
53 105 7.57885
53 106 5.87135
53 107 -9.99827
54 72 -3.5108
54 73 4.04334
54 74 -0.522946
54 75 5.95425
54 76 -15.5753
54 77 -5.92076
54 78 -16.0477
54 79 7.61932
54 80 8.85259
54 81 13.4741
54 82 -2.01139
54 83 -4.38028
54 84 15.2101
54 85 -3.14466
54 86 -8.41893
54 87 7.59686
54 88 4.51343
54 89 -0.887522
54 90 11.5051
54 91 9.71604
54 92 -2.68062
54 93 -6.21351
54 94 2.74506
54 95 0.197184
54 96 -13.9188
54 97 -22.1781
54 98 1.1893
54 99 5.03248
54 100 -6.49749
54 101 6.78642
54 102 2.82092
54 103 -1.92526
54 104 1.95811
54 105 -11.9467
54 106 -6.80439
54 107 -11.4129
55 72 -7.00455
55 73 5.29987
55 74 -3.85915
55 75 -11.6176
55 76 -2.16315
55 77 -8.34732
55 78 7.57584
55 79 1.56005
55 80 -9.22937
55 81 15.4314
55 82 -13.4458
55 83 -8.92541
55 84 4.50033
55 85 8.55818
55 86 -5.93898
55 87 11.9127
55 88 -10.4642
55 89 -6.11806
55 90 -3.48714
55 91 -9.14884
55 92 13.9807
55 93 -18.5418
55 94 7.79893
55 95 -1.59475
55 96 11.0546
55 97 -0.750812
55 98 3.85124
55 99 -0.893928
55 100 14.0798
55 101 -1.45019
55 102 3.1184
55 103 -9.52504
55 104 -10.3646
55 105 -12.8706
55 106 -15.4163
55 107 -3.00623
56 72 -7.89169
56 73 3.23729
56 74 2.81754
56 75 -10.8294
56 76 0.480329
56 77 5.3121
56 78 -16.9142
56 79 12.9924
56 80 13.5033
56 81 -5.14781
56 82 10.5669
56 83 -0.45978
56 84 1.65675
56 85 1.01778
56 86 8.49456
56 87 4.34328
56 88 -14.3581
56 89 8.79115
56 90 11.8587
56 91 -2.73746
56 92 -3.50018
56 93 10.2456
56 94 7.48997
56 95 -2.87342
56 96 -0.0890111
56 97 21.4588
56 98 14.1759
56 99 11.9592
56 100 -3.47538
56 101 -7.30292
56 102 0.28459
56 103 9.48283
56 104 1.56978
56 105 -4.0343
56 106 4.43211
56 107 9.47241
57 72 -1.03678
57 73 -3.01758
57 74 0.206375
57 75 2.51536
57 76 -14.0632
57 77 3.18383
57 78 -4.79904
57 79 -12.1528
57 80 -14.6796
57 81 0.564802
57 82 1.30139
57 83 10.1365
57 84 11.5285
57 85 3.6905
57 86 -12.2295
57 87 -13.4347
57 88 11.6512
57 89 1.59436
57 90 1.93477
57 91 14.621
57 92 9.10995
57 93 -9.80557
57 94 -15.0399
57 95 1.53648
57 96 -6.29057
57 97 -11.9709
57 98 5.45103
57 99 8.22771
57 100 -2.84692
57 101 -11.8077
57 102 12.1798
57 103 -3.45353
57 104 11.2531
57 105 7.32102
57 106 -9.2724
57 107 -7.82562
58 72 7.4818
58 73 -1.62113
58 74 -4.18387
58 75 -8.02432
58 76 6.07634
58 77 -8.51072
58 78 7.73291
58 79 -8.41065
58 80 -8.30143
58 81 -4.42176
58 82 13.3076
58 83 -1.94687
58 84 -2.2283
58 85 19.6712
58 86 -16.4024
58 87 1.6823
58 88 9.76269
58 89 16.1009
58 90 -3.23023
58 91 -1.50846
58 92 -3.90963
58 93 0.128041
58 94 10.6343
58 95 16.278
58 96 9.32022
58 97 -7.35859
58 98 -2.98606
58 99 -1.64144
58 100 1.78599
58 101 2.93516
58 102 -1.18728
58 103 -5.77563
58 104 -3.23173
58 105 -5.92134
58 106 -8.14232
58 107 -10.0961
59 72 4.36185
59 73 1.54563
59 74 6.56965
59 75 -2.97733
59 76 7.28831
59 77 1.02945
59 78 3.77576
59 79 9.95925
59 80 -4.51953
59 81 3.12902
59 82 0.791744
59 83 -1.13098
59 84 -3.27475
59 85 10.495
59 86 4.4501
59 87 -2.34697
59 88 3.16218
59 89 1.08104
59 90 2.44712
59 91 6.24881
59 92 -2.03296
59 93 -2.17521
59 94 -10.0686
59 95 9.98617
59 96 4.7604
59 97 -2.16853
59 98 11.7402
59 99 8.89879
59 100 -21.5317
59 101 -5.32584
59 102 -7.58051
59 103 9.33735
59 104 -7.97346
59 105 -1.93114
59 106 2.57119
59 107 -16.3068
60 72 14.7459
60 73 8.10221
60 74 -19.0105
60 75 -15.7776
60 76 -9.122
60 77 -1.30822
60 78 -9.80321
60 79 2.94136
60 80 1.45577
60 81 10.7459
60 82 -9.60218
60 83 -1.05865
60 84 1.1191
60 85 -15.5319
60 86 8.20652
60 87 -10.5941
60 88 9.70733
60 89 -10.8109
60 90 8.09273
60 91 18.2259
60 92 -2.0599
60 93 5.96742
60 94 -9.15783
60 95 7.62586
60 96 0.410697
60 97 11.3135
60 98 1.67943
60 99 -0.359817
60 100 -22.6459
60 101 6.47594
60 102 9.3535
60 103 18.1313
60 104 0.558823
60 105 -3.28213
60 106 -5.89667
60 107 3.7159
61 72 -6.88938
61 73 -7.00486
61 74 -16.1233
61 75 6.0299
61 76 1.9224
61 77 -5.44223
61 78 1.39541
61 79 -2.06467
61 80 -18.495
61 81 -9.16277
61 82 7.60757
61 83 -0.468168
61 84 10.0017
61 85 2.27847
61 86 -1.97976
61 87 -14.7141
61 88 -1.21478
61 89 -0.633511
61 90 -4.36574
61 91 -10.8861
61 92 15.7446
61 93 -1.34387
61 94 2.56248
61 95 0.695823
61 96 0.314656
61 97 -12.3237
61 98 -4.76487
61 99 1.56016
61 100 -10.769
61 101 0.666763
61 102 -12.6946
61 103 26.116
61 104 -0.962492
61 105 2.3329
61 106 -0.00690716
61 107 -8.8498
62 72 0.861776
62 73 -4.59916
62 74 2.23305
62 75 -13.5374
62 76 -9.51989
62 77 -15.6534
62 78 17.367
62 79 -4.31162
62 80 -2.29207
62 81 9.73381
62 82 -2.94088
62 83 -5.5331
62 84 7.81418
62 85 6.28405
62 86 -10.5026
62 87 21.414
62 88 4.93508
62 89 13.3429
62 90 4.95164
62 91 12.0443
62 92 4.36167
62 93 -5.35316
62 94 -0.71381
62 95 -2.98985
62 96 -9.65674
62 97 -1.27473
62 98 -8.07941
62 99 -4.6212
62 100 -5.56466
62 101 5.33316
62 102 -1.93012
62 103 -9.22553
62 104 -3.28493
62 105 -9.2528
62 106 -12.1601
62 107 -12.4798
63 72 -13.4222
63 73 2.85184
63 74 8.79316
63 75 4.16848
63 76 1.58792
63 77 6.39035
63 78 -3.33816
63 79 -11.048
63 80 -4.29223
63 81 -0.794092
63 82 -17.9436
63 83 -5.24995
63 84 -4.92566
63 85 -6.47782
63 86 -14.2836
63 87 5.75904
63 88 -5.72632
63 89 10.3353
63 90 0.872597
63 91 7.29075
63 92 -11.7139
63 93 -6.18695
63 94 8.07851
63 95 6.71255
63 96 -1.17463
63 97 -11.4655
63 98 -4.39508
63 99 4.49241
63 100 13.2332
63 101 8.45045
63 102 -2.63103
63 103 -0.861103
63 104 7.7469
63 105 -4.92836
63 106 -13.1446
63 107 10.8436
64 72 2.57214
64 73 3.85585
64 74 15.4142
64 75 13.0379
64 76 -16.3709
64 77 -4.82685
64 78 -13.6596
64 79 7.03786
64 80 -11.6476
64 81 3.08738
64 82 -0.560595
64 83 8.92228
64 84 -6.65453
64 85 5.13396
64 86 11.4482
64 87 -13.0058
64 88 14.3902
64 89 -1.07145
64 90 -2.74645
64 91 9.27331
64 92 8.71334
64 93 -6.98828
64 94 3.67947
64 95 -20.1353
64 96 6.60022
64 97 -15.2469
64 98 -4.02299
64 99 -0.925841
64 100 -2.90621
64 101 0.422743
64 102 8.78202
64 103 0.539251
64 104 0.873725
64 105 -0.849164
64 106 7.81369
64 107 -0.837122
65 72 11.4572
65 73 -6.52388
65 74 2.87651
65 75 -0.40797
65 76 6.13699
65 77 5.55206
65 78 1.38737
65 79 0.760737
65 80 1.16689
65 81 -5.26513
65 82 2.28112
65 83 -5.65418
65 84 0.0564246
65 85 1.74126
65 86 -15.1344
65 87 0.974397
65 88 -3.75009
65 89 0.393472
65 90 -0.35969
65 91 -4.85286
65 92 -1.24777
65 93 -8.39171
65 94 5.51296
65 95 -4.08068
65 96 -2.93823
65 97 1.17446
65 98 6.47233
65 99 -6.75678
65 100 7.77772
65 101 -2.05491
65 102 -2.16084
65 103 -0.244523
65 104 -18.8856
65 105 1.01117
65 106 -0.645796
65 107 -1.23928
66 72 -9.12095
66 73 -5.24132
66 74 4.03611
66 75 4.10181
66 76 -0.297039
66 77 5.48191
66 78 9.41052
66 79 1.79941
66 80 -2.57583
66 81 -5.05171
66 82 -9.44125
66 83 -1.19466
66 84 5.13295
66 85 -1.6731
66 86 -13.1737
66 87 -6.77326
66 88 -7.59473
66 89 -8.4178
66 90 -1.84904
66 91 13.291
66 92 7.93652
66 93 7.73859
66 94 -13.0474
66 95 11.5904
66 96 4.05489
66 97 5.50914
66 98 -5.52262
66 99 3.43722
66 100 4.78257
66 101 4.35576
66 102 14.4549
66 103 7.41273
66 104 -8.12859
66 105 9.2439
66 106 -8.47816
66 107 -2.82988
67 72 -2.57413
67 73 8.38448
67 74 11.5166
67 75 -7.75165
67 76 9.73321
67 77 4.86563
67 78 5.09065
67 79 -4.83055
67 80 -9.11192
67 81 1.97771
67 82 0.541178
67 83 -11.2787
67 84 5.76029
67 85 7.42541
67 86 -0.918224
67 87 7.08667
67 88 1.72045
67 89 -1.74735
67 90 -12.9281
67 91 2.39623
67 92 8.19389
67 93 2.03956
67 94 -1.96253
67 95 -5.72835
67 96 0.387256
67 97 4.78035
67 98 -1.96271
67 99 3.34601
67 100 10.9511
67 101 -8.28089
67 102 -6.25179
67 103 3.73165
67 104 -7.26839
67 105 -10.0984
67 106 -15.3633
67 107 -6.59259
68 72 2.57415
68 73 3.76377
68 74 -5.25005
68 75 -0.340202
68 76 -9.28782
68 77 4.68359
68 78 0.682414
68 79 -6.53064
68 80 -3.03252
68 81 -13.1506
68 82 -6.99805
68 83 4.2557
68 84 9.35622
68 85 -8.06079
68 86 0.375521
68 87 0.700876
68 88 -8.28123
68 89 0.999723
68 90 -21.5088
68 91 -11.2096
68 92 -4.10679
68 93 5.45524
68 94 4.8573
68 95 -19.2325
68 96 -2.14
68 97 -2.6888
68 98 4.45115
68 99 -11.0947
68 100 21.1908
68 101 8.42742
68 102 -0.907884
68 103 4.63482
68 104 -7.56484
68 105 0.13183
68 106 -6.8882
68 107 -10.2186
69 72 -5.7424
69 73 15.0641
69 74 -6.8152
69 75 10.0731
69 76 -16.9427
69 77 -11.4595
69 78 -8.10184
69 79 -15.5917
69 80 -2.3923
69 81 -7.05916
69 82 1.57726
69 83 8.43713
69 84 5.60728
69 85 3.38725
69 86 1.42822
69 87 -4.66361
69 88 -7.39045
69 89 0.925744
69 90 9.30427
69 91 -15.0267
69 92 -7.49394
69 93 6.26507
69 94 -4.90587
69 95 4.80915
69 96 -1.87626
69 97 5.78241
69 98 16.5065
69 99 -2.94029
69 100 -11.8699
69 101 3.81384
69 102 1.25251
69 103 -1.71354
69 104 11.8295
69 105 -2.68809
69 106 9.24187
69 107 -4.40208
70 72 3.15718
70 73 -11.0778
70 74 -0.736113
70 75 -3.33533
70 76 0.444373
70 77 1.82942
70 78 7.8865
70 79 -2.70456
70 80 7.24043
70 81 12.1948
70 82 -1.18141
70 83 6.75444
70 84 -5.46947
70 85 4.39339
70 86 -3.55058
70 87 -4.23059
70 88 -14.4129
70 89 -9.33954
70 90 -11.3147
70 91 -7.44191
70 92 -8.67312
70 93 -11.1864
70 94 -5.01294
70 95 1.21193
70 96 -1.07484
70 97 3.43131
70 98 -1.34422
70 99 2.51559
70 100 -10.2885
70 101 5.03926
70 102 -8.4368
70 103 14.1184
70 104 -11.7037
70 105 -1.69969
70 106 1.19032
70 107 -4.26144
71 72 8.46576
71 73 4.24306
71 74 10.4715
71 75 2.82046
71 76 13.0429
71 77 -6.5347
71 78 1.52382
71 79 5.64559
71 80 1.49877
71 81 -1.46047
71 82 9.61123
71 83 -10.3594
71 84 9.99454
71 85 -0.701422
71 86 5.51745
71 87 5.76111
71 88 1.66324
71 89 3.20931
71 90 -4.86544
71 91 0.419601
71 92 0.731426
71 93 -14.3523
71 94 2.79881
71 95 -4.57472
71 96 -3.88857
71 97 1.92337
71 98 3.02458
71 99 -22.603
71 100 0.467632
71 101 -7.83451
71 102 -12.8369
71 103 -1.29696
71 104 -4.87089
71 105 -23.9209
71 106 6.75257
71 107 11.0383
0 0 3.96402
1 0 -10.7172
2 0 -3.37056
3 0 4.67499
4 0 -5.15135
5 0 3.2058
6 0 -6.41852
7 0 10.6398
8 0 -13.0417
9 0 9.67934
10 0 -10.7441
11 0 2.17617
12 0 5.95911
13 0 -12.4511
14 0 9.50642
15 0 -1.42657
16 0 -8.62814
17 0 -13.7883
0 1 7.51706
1 1 3.0916
2 1 -3.95928
3 1 -2.55295
4 1 -1.66909
5 1 -0.0863506
6 1 0.406048
7 1 -5.26023
8 1 7.45744
9 1 -2.71888
10 1 -17.6975
11 1 -9.40773
12 1 -1.04124
13 1 -3.66527
14 1 -9.20402
15 1 -7.8527
16 1 -3.30491
17 1 0.343796
0 2 -8.64176
1 2 -21.5883
2 2 14.2827
3 2 1.56302
4 2 3.74337
5 2 -2.78482
6 2 -6.64744
7 2 1.53512
8 2 1.95146
9 2 -2.25676
10 2 7.14245
11 2 3.61786
12 2 -1.55688
13 2 -8.22133
14 2 3.13632
15 2 -3.72544
16 2 -1.87567
17 2 -11.492
0 3 -5.09877
1 3 8.01278
2 3 8.37045
3 3 8.2924
4 3 0.00629929
5 3 6.09096
6 3 1.59962
7 3 -7.90644
8 3 2.57898
9 3 7.29879
10 3 2.60499
11 3 -3.43624
12 3 4.22042
13 3 -5.34925
14 3 -4.90747
15 3 2.4964
16 3 23.0246
17 3 -14.2481
0 4 -2.35392
1 4 0.669932
2 4 -6.86259
3 4 7.10577
4 4 3.31102
5 4 -0.770332
6 4 -3.76067
7 4 0.740784
8 4 2.41984
9 4 9.0187
10 4 -0.845792
11 4 -5.38935
12 4 1.23267
13 4 -1.81663
14 4 4.79449
15 4 3.56432
16 4 -17.7093
17 4 15.7525
0 5 -13.0244
1 5 7.71114
2 5 -4.24958
3 5 16.7176
4 5 8.06375
5 5 -2.71605
6 5 4.23709
7 5 8.96136
8 5 9.13224
9 5 -0.830204
10 5 -14.2667
11 5 4.98357
12 5 5.32045
13 5 -7.783
14 5 2.33914
15 5 -1.08557
16 5 10.8937
17 5 6.06047
0 6 -9.03908
1 6 -8.31182
2 6 6.6864
3 6 10.3837
4 6 -2.03948
5 6 13.2804
6 6 2.68657
7 6 -11.7762
8 6 -3.59488
9 6 -4.88249
10 6 -4.07639
11 6 -3.01234
12 6 -8.95564
13 6 1.14154
14 6 -5.79683
15 6 4.60118
16 6 -4.24836
17 6 10.3847
0 7 10.9098
1 7 -3.15824
2 7 4.56147
3 7 -9.54927
4 7 -0.440437
5 7 -9.69119
6 7 8.3155
7 7 -19.0544
8 7 13.2465
9 7 -0.57772
10 7 -0.969202
11 7 1.22806
12 7 -19.4959
13 7 -7.48407
14 7 11.5356
15 7 -9.42905
16 7 1.40432
17 7 7.29397
0 8 -3.58904
1 8 4.89601
2 8 6.82121
3 8 -8.49036
4 8 -0.295732
5 8 -2.59244
6 8 3.59067
7 8 -0.0480171
8 8 -2.68949
9 8 6.31789
10 8 -2.78986
11 8 -8.19636
12 8 4.69205
13 8 7.50655
14 8 0.318975
15 8 -10.3197
16 8 -3.00465
17 8 -5.61053
0 9 3.92595
1 9 9.78392
2 9 -2.07053
3 9 7.57536
4 9 5.088
5 9 3.65675
6 9 -1.28026
7 9 6.87673
8 9 -17.931
9 9 -2.31668
10 9 -1.37325
11 9 -9.72062
12 9 -8.87402
13 9 -2.5715
14 9 -8.40044
15 9 -5.97719
16 9 -7.7312
17 9 8.15926
0 10 5.45939
1 10 -0.914944
2 10 -8.29851
3 10 6.01513
4 10 -12.5105
5 10 13.9148
6 10 -1.17301
7 10 -9.13156
8 10 -18.0243
9 10 2.11308
10 10 -0.73014
11 10 12.4662
12 10 2.02331
13 10 -10.08
14 10 -7.47593
15 10 -1.03497
16 10 -4.31893
17 10 -5.22814
0 11 4.76522
1 11 4.91941
2 11 -2.66261
3 11 -6.01687
4 11 4.61288
5 11 4.42214
6 11 -14.3585
7 11 9.81269
8 11 13.0193
9 11 15.5475
10 11 9.23867
11 11 -3.52743
12 11 3.133
13 11 -7.5068
14 11 -5.94799
15 11 -6.96138
16 11 -4.61668
17 11 -2.53316
0 12 -0.16224
1 12 12.3028
2 12 -1.32184
3 12 -5.41961
4 12 -1.99168
5 12 -2.69805
6 12 -2.01455
7 12 -11.2936
8 12 -4.73143
9 12 3.41626
10 12 4.7149
11 12 3.63493
12 12 17.113
13 12 7.96069
14 12 19.0017
15 12 -19.5221
16 12 -0.603176
17 12 -17.3244
0 13 -4.24058
1 13 -4.26474
2 13 11.2419
3 13 5.48495
4 13 -4.39619
5 13 -11.4725
6 13 12.5679
7 13 -26.3602
8 13 6.70375
9 13 4.78184
10 13 4.24582
11 13 4.95132
12 13 2.3265
13 13 10.498
14 13 1.94075
15 13 -6.25227
16 13 -6.4001
17 13 4.94486
0 14 -14.4888
1 14 10.1091
2 14 -5.73263
3 14 0.866726
4 14 1.61225
5 14 2.08798
6 14 3.55195
7 14 3.38439
8 14 -0.285823
9 14 11.8447
10 14 2.98231
11 14 15.3345
12 14 9.99867
13 14 6.20378
14 14 5.05025
15 14 -1.1586
16 14 1.54222
17 14 0.0815314
0 15 -8.1918
1 15 4.82448
2 15 -15.1469
3 15 -4.18172
4 15 1.21142
5 15 4.53195
6 15 1.1715
7 15 -10.5427
8 15 2.78863
9 15 -0.24563
10 15 -14.2572
11 15 -1.62225
12 15 6.31413
13 15 -9.97375
14 15 0.715688
15 15 2.97931
16 15 -8.89452
17 15 -10.2264
0 16 -7.76585
1 16 6.38755
2 16 -15.265
3 16 5.22836
4 16 1.9053
5 16 -10.967
6 16 3.64776
7 16 -0.534884
8 16 -3.56486
9 16 -0.124186
10 16 14.0906
11 16 -0.823472
12 16 -3.22885
13 16 2.50089
14 16 -12.9349
15 16 3.75397
16 16 -8.27188
17 16 -15.9393
0 17 -2.12749
1 17 14.2099
2 17 -3.26083
3 17 -23.064
4 17 -17.0273
5 17 -3.63887
6 17 -4.56761
7 17 -0.652421
8 17 2.3881
9 17 4.36922
10 17 6.87401
11 17 -3.62001
12 17 8.88389
13 17 -5.97582
14 17 -5.12215
15 17 7.83625
16 17 3.4069
17 17 3.05806
0 18 -15.4821
1 18 8.1612
2 18 10.2214
3 18 -4.89307
4 18 3.45175
5 18 11.6057
6 18 0.191486
7 18 0.117681
8 18 -16.3672
9 18 11.1328
10 18 -3.25687
11 18 -5.75337
12 18 8.40734
13 18 2.97579
14 18 -1.32689
15 18 -8.1858
16 18 -7.86143
17 18 -6.35266
0 19 1.40187
1 19 -0.910164
2 19 -3.33128
3 19 27.5393
4 19 15.714
5 19 -3.64628
6 19 8.11971
7 19 6.791
8 19 4.27975
9 19 -0.292869
10 19 0.768064
11 19 -3.99565
12 19 -7.73832
13 19 0.234143
14 19 7.89745
15 19 5.6051
16 19 6.84975
17 19 4.90142
0 20 -10.2009
1 20 6.61015
2 20 -9.81681
3 20 -9.48776
4 20 -12.9147
5 20 0.34958
6 20 -13.581
7 20 -19.6914
8 20 1.18339
9 20 5.08528
10 20 16.5799
11 20 8.31901
12 20 -4.53089
13 20 6.8722
14 20 -5.40503
15 20 -0.318188
16 20 11.8407
17 20 -10.6331
0 21 -15.3762
1 21 -3.14206
2 21 6.95637
3 21 14.3446
4 21 0.775953
5 21 -1.4767
6 21 0.854576
7 21 -9.46739
8 21 9.91872
9 21 -9.39336
10 21 18.6301
11 21 -15.4355
12 21 -6.53912
13 21 -5.21241
14 21 -1.74765
15 21 6.30416
16 21 -7.21116
17 21 8.85931
0 22 7.21624
1 22 4.04981
2 22 -3.81644
3 22 11.5507
4 22 -5.02857
5 22 1.58012
6 22 3.99826
7 22 -8.21935
8 22 8.88501
9 22 0.603707
10 22 2.75895
11 22 12.6002
12 22 0.147751
13 22 -3.69587
14 22 3.11579
15 22 14.3327
16 22 5.71682
17 22 4.64066
0 23 3.88631
1 23 25.3843
2 23 10.0043
3 23 -5.33474
4 23 -0.829182
5 23 -9.2304
6 23 -8.66789
7 23 -3.0448
8 23 -4.93915
9 23 13.6002
10 23 3.61305
11 23 -0.138756
12 23 -4.63065
13 23 4.37249
14 23 -13.4117
15 23 -6.70964
16 23 0.213598
17 23 -0.421913
0 24 4.92431
1 24 -4.1669
2 24 6.58997
3 24 2.77886
4 24 -1.50133
5 24 2.55555
6 24 -1.11747
7 24 4.86222
8 24 10.7028
9 24 10.9251
10 24 1.41586
11 24 -7.98813
12 24 -3.4453
13 24 -12.4688
14 24 -9.06873
15 24 6.15433
16 24 0.679417
17 24 -2.47788
0 25 -4.00178
1 25 -2.48275
2 25 1.36925
3 25 -6.56396
4 25 13.3245
5 25 -9.94161
6 25 7.82039
7 25 -8.3391
8 25 12.3974
9 25 7.73564
10 25 2.2353
11 25 -4.63442
12 25 3.20774
13 25 14.4953
14 25 5.43015
15 25 -7.83674
16 25 -3.16028
17 25 4.91686
0 26 5.45157
1 26 10.6768
2 26 -4.07508
3 26 -9.10932
4 26 -0.765885
5 26 -1.37524
6 26 -5.9356
7 26 7.42913
8 26 10.6574
9 26 -0.0460087
10 26 1.34721
11 26 -8.46088
12 26 -15.751
13 26 -3.84054
14 26 10.9783
15 26 9.93518
16 26 20.4319
17 26 -1.57735
0 27 -11.8451
1 27 -3.25232
2 27 2.52704
3 27 -2.30748
4 27 -6.7759
5 27 5.43745
6 27 7.05641
7 27 19.8697
8 27 -3.46909
9 27 6.39073
10 27 4.45245
11 27 -1.77893
12 27 -1.33194
13 27 3.56371
14 27 -3.58005
15 27 6.24544
16 27 11.4986
17 27 -11.8873
0 28 -9.10982
1 28 2.06361
2 28 2.70734
3 28 -1.30625
4 28 5.38377
5 28 -5.22659
6 28 1.56638
7 28 -17.0478
8 28 -12.9426
9 28 -4.47793
10 28 -0.589819
11 28 -1.58522
12 28 4.36783
13 28 5.23559
14 28 9.29248
15 28 6.48425
16 28 -8.8117
17 28 -1.20833
0 29 5.08798
1 29 -10.5395
2 29 -2.79435
3 29 -4.00262
4 29 10.3241
5 29 15.2623
6 29 -0.938815
7 29 -6.37961
8 29 11.4642
9 29 -3.31932
10 29 -4.21621
11 29 3.70119
12 29 -4.54577
13 29 12.7609
14 29 2.01838
15 29 -11.8661
16 29 -23.7353
17 29 -3.16781
0 30 3.92074
1 30 -3.85263
2 30 -15.0951
3 30 -2.35025
4 30 6.34195
5 30 14.1123
6 30 6.72009
7 30 -2.65628
8 30 -8.70618
9 30 0.211911
10 30 6.59119
11 30 -0.540632
12 30 2.02904
13 30 -5.06468
14 30 -10.8899
15 30 9.8141
16 30 2.58401
17 30 -3.63996
0 31 6.99014
1 31 -8.92795
2 31 2.04856
3 31 -5.3475
4 31 -1.9832
5 31 -5.88347
6 31 -8.93239
7 31 10.9129
8 31 14.2571
9 31 -2.81591
10 31 -2.40836
11 31 15.6277
12 31 10.6939
13 31 -2.89842
14 31 -7.54477
15 31 1.98909
16 31 7.82807
17 31 7.36573
0 32 -8.64365
1 32 5.26339
2 32 5.44059
3 32 -0.435208
4 32 13.6705
5 32 3.85503
6 32 4.26132
7 32 18.9542
8 32 -5.38223
9 32 -8.92379
10 32 4.09572
11 32 19.2261
12 32 17.8817
13 32 -4.41308
14 32 14.4184
15 32 12.405
16 32 -3.74094
17 32 10.3678
0 33 2.7798
1 33 -6.05399
2 33 0.124436
3 33 1.20296
4 33 -0.992694
5 33 -6.84618
6 33 3.92058
7 33 -16.5113
8 33 -12.0845
9 33 4.9046
10 33 -4.58029
11 33 -2.1941
12 33 11.8161
13 33 6.21541
14 33 1.38671
15 33 0.278312
16 33 -5.58871
17 33 7.53706
0 34 5.96081
1 34 -9.20499
2 34 8.74899
3 34 5.18803
4 34 -18.7135
5 34 -2.08759
6 34 8.47671
7 34 -0.17937
8 34 4.81565
9 34 -4.78774
10 34 0.984848
11 34 -5.61385
12 34 -1.06427
13 34 5.32658
14 34 1.7018
15 34 -14.3881
16 34 -10.8647
17 34 -9.60271
0 35 -1.06851
1 35 1.46517
2 35 13.055
3 35 -11.0126
4 35 7.2142
5 35 -7.27572
6 35 7.22209
7 35 -5.2111
8 35 3.39605
9 35 13.5863
10 35 -16.1825
11 35 12.1524
12 35 -19.8579
13 35 3.28178
14 35 -8.64964
15 35 2.25199
16 35 17.3225
17 35 10.8724
108 112 5.33157
108 113 6.6093
108 114 5.08919
108 115 -9.63949
109 112 -7.9097
109 113 -2.83121
109 114 2.4937
109 115 -9.80508
110 112 10.0785
110 113 16.7162
110 114 1.84258
110 115 -7.09908
111 112 12.3364
111 113 -8.53295
111 114 2.34749
111 115 -0.749943
0 108 -6.52876
1 108 -0.549372
2 108 -0.506343
3 108 6.04891
4 108 -5.43768
5 108 10.4649
6 108 3.06891
7 108 -0.0332158
8 108 12.3295
9 108 3.43568
10 108 3.36548
11 108 1.5712
12 108 8.96431
13 108 -1.13084
14 108 -4.44553
15 108 4.41023
16 108 1.83954
17 108 12.3828
0 109 -9.92085
1 109 -9.13719
2 109 -15.3057
3 109 6.42643
4 109 -5.62662
5 109 -9.89096
6 109 7.45084
7 109 10.6748
8 109 -7.66531
9 109 10.302
10 109 4.89679
11 109 -1.18873
12 109 -9.37026
13 109 -9.93109
14 109 5.08587
15 109 -6.77674
16 109 -1.11573
17 109 -11.2621
0 110 4.44538
1 110 -2.45395
2 110 12.0297
3 110 -13.7361
4 110 0.517974
5 110 3.50472
6 110 7.10088
7 110 -6.23724
8 110 4.97741
9 110 -13.0988
10 110 -3.28832
11 110 -14.0829
12 110 -3.662
13 110 0.480106
14 110 13.1833
15 110 2.81798
16 110 -5.90685
17 110 16.4088
0 111 10.0849
1 111 -18.9276
2 111 -4.17581
3 111 11.4521
4 111 0.112667
5 111 -8.85496
6 111 -11.2648
7 111 -0.705058
8 111 -9.82512
9 111 -6.37734
10 111 -2.43838
11 111 4.29025
12 111 14.6117
13 111 6.76461
14 111 -5.95376
15 111 10.7193
16 111 6.62523
17 111 0.270633
